true_label,predicted_score
0.0,0.97201174
0.0,0.8639239
0.0,0.65336776
0.0,0.010631656
0.0,0.09337295
0.0,0.8636729
0.0,0.19742844
0.0,0.03980368
0.0,0.9861675
0.0,0.032272432
0.0,0.084608994
0.0,0.03072864
0.0,0.53239554
0.0,0.55346125
0.0,0.110806175
0.0,0.3012806
0.0,0.39564642
0.0,0.6118084
0.0,0.88804114
0.0,0.99031466
0.0,0.0070810574
0.0,0.2619992
0.0,0.115556926
0.0,0.00021491254
1.0,0.88588053
0.0,0.62497574
0.0,0.33817822
0.0,0.12257604
0.0,0.05874663
0.0,0.019477036
0.0,3.273044e-05
0.0,0.7482981
0.0,0.5004568
1.0,0.99665964
1.0,0.84806985
0.0,0.23941775
0.0,0.13299029
0.0,1.0010178e-06
1.0,0.9279295
0.0,3.0680928e-06
0.0,0.04051166
0.0,0.6183683
0.0,0.92000306
0.0,1.5989506e-05
0.0,0.5562342
0.0,0.00022502424
1.0,0.8759385
1.0,0.9981116
1.0,0.68884826
1.0,0.985019
0.0,0.58592784
0.0,2.3490888e-05
0.0,0.5206968
0.0,0.00032876068
0.0,0.008168675
0.0,0.040362153
0.0,0.00084349304
0.0,1.12384305e-05
0.0,0.98881125
1.0,0.9809443
0.0,0.07042768
0.0,0.031621702
0.0,0.0040537794
1.0,0.8252623
0.0,0.13676934
0.0,0.883359
0.0,0.0076271994
0.0,0.043454804
0.0,0.029422933
0.0,0.1708157
0.0,0.0028465467
0.0,0.017195595
0.0,0.0002512378
0.0,0.9631376
0.0,0.056283694
0.0,0.15936053
1.0,0.9940765
1.0,0.98749334
0.0,0.40601832
0.0,0.9448664
0.0,0.7872902
0.0,1.1759036e-05
0.0,0.0004218724
0.0,0.02248615
0.0,0.0007769716
1.0,0.81287414
0.0,2.062108e-06
0.0,0.31952706
0.0,0.0061406293
0.0,0.027524475
1.0,0.98028666
0.0,0.0015454575
1.0,0.7742311
0.0,0.65991026
0.0,8.364262e-06
0.0,0.0066541643
0.0,0.14641461
0.0,0.0025146313
0.0,0.7024955
0.0,7.664461e-06
0.0,0.8776371
0.0,0.0073925587
0.0,0.00016703091
1.0,0.9245646
1.0,0.9081473
0.0,0.848354
0.0,0.9767203
0.0,0.00060953613
0.0,0.811302
0.0,0.33873737
1.0,0.9977629
0.0,0.14236327
0.0,0.11699535
1.0,0.96111864
0.0,0.21392769
0.0,0.037541416
0.0,4.640988e-06
0.0,0.03235314
1.0,0.83690536
0.0,0.7413895
0.0,0.19518375
0.0,0.08243062
0.0,0.8624825
0.0,0.0007494232
0.0,0.4946106
0.0,0.81890714
0.0,0.6985036
1.0,0.9187393
0.0,0.047172666
0.0,0.3379137
0.0,0.33615816
0.0,0.7076753
0.0,0.6832973
0.0,0.73339236
0.0,5.548861e-05
0.0,0.28798547
0.0,0.101288244
1.0,0.99750936
0.0,0.0008168303
0.0,0.5281696
0.0,0.00010878897
0.0,0.019112313
0.0,0.89776486
1.0,0.9651145
1.0,0.99646723
0.0,0.883619
0.0,0.46209514
0.0,0.9072355
0.0,0.123466335
0.0,0.33782008
0.0,0.0042734863
0.0,0.00257751
1.0,0.88366455
0.0,0.52168953
0.0,0.08875423
0.0,0.86763495
0.0,0.024157295
0.0,0.030241285
0.0,0.003413118
0.0,0.00067032274
0.0,0.6277133
0.0,0.00025936612
0.0,0.22107127
0.0,0.8857441
0.0,0.45645586
1.0,0.97324556
1.0,0.1803381
0.0,0.3019834
0.0,0.00024887372
0.0,0.0075162384
1.0,0.9890198
0.0,0.0058554066
1.0,0.96664923
0.0,0.29822293
0.0,0.014269111
0.0,0.6455679
1.0,0.7437235
0.0,0.00014362053
1.0,0.77500105
0.0,0.6765683
0.0,0.76816976
0.0,0.09002071
0.0,0.0008215052
0.0,0.00030062636
0.0,0.6478671
0.0,0.9584851
0.0,0.22160596
1.0,0.99960893
0.0,0.044289295
0.0,0.03924617
0.0,0.019529993
1.0,0.99989915
0.0,0.0061172326
1.0,0.9948848
0.0,0.77857304
1.0,0.85425884
0.0,0.6580965
0.0,0.93447715
0.0,0.19276084
0.0,0.00016488862
0.0,0.15348302
0.0,0.34691066
0.0,0.86098146
0.0,0.30254754
0.0,0.45399493
1.0,0.99907196
0.0,0.0036048223
1.0,0.9004619
0.0,0.65342075
1.0,0.9017073
0.0,0.00057593884
0.0,0.34571418
0.0,0.90006125
0.0,0.00013891429
0.0,0.041388
1.0,0.01545684
0.0,0.352921
0.0,0.32748654
0.0,0.21464291
1.0,0.9992716
0.0,1.9176972e-05
0.0,0.04250291
0.0,0.11700737
0.0,4.1910982e-05
0.0,0.0019022432
0.0,3.6446512e-05
1.0,0.9744442
1.0,0.70180464
1.0,0.55453885
0.0,0.014157251
0.0,0.18044508
0.0,0.001010435
1.0,0.8740774
0.0,0.0026008722
0.0,0.07410475
0.0,0.0006596184
0.0,0.3717837
1.0,0.9618971
0.0,0.09590184
0.0,0.95986545
0.0,3.551721e-05
1.0,0.6961334
0.0,0.9170864
0.0,0.070117034
0.0,4.9928807e-05
1.0,0.9971908
0.0,2.8976137e-05
0.0,0.5277113
0.0,0.0012112908
0.0,0.88621694
0.0,0.00034882568
1.0,0.9862984
0.0,0.63368577
0.0,0.13792998
0.0,0.00013269416
0.0,0.0007695525
1.0,0.9079373
0.0,0.0019528591
0.0,0.11914913
0.0,0.8600257
0.0,0.0068237963
0.0,0.06574203
0.0,0.1184571
0.0,0.0068727485
0.0,0.0018792545
0.0,0.03469884
1.0,0.98052865
0.0,0.059208486
0.0,0.86916333
0.0,0.013022353
0.0,0.89906067
0.0,0.9103857
1.0,0.9779227
0.0,0.84015447
0.0,0.9784201
0.0,0.7555324
1.0,0.9379437
0.0,6.4492866e-05
0.0,0.52839446
0.0,0.41876528
0.0,0.6050335
0.0,3.0731326e-06
0.0,0.2657602
0.0,0.0005080536
0.0,0.3886642
0.0,0.7097916
0.0,0.99658006
0.0,0.44395036
0.0,0.6874416
0.0,0.8140585
0.0,0.0004013714
0.0,0.012904604
0.0,1.0511112e-05
0.0,0.95846045
0.0,0.004665617
0.0,0.43476897
0.0,0.9357373
0.0,0.014844782
0.0,0.83452934
0.0,0.8366507
0.0,0.051220104
0.0,0.037592094
0.0,0.38650432
0.0,0.8036961
1.0,0.98396957
0.0,0.8212599
0.0,0.94804895
1.0,0.7829094
0.0,0.029857945
0.0,0.7270391
1.0,0.99092674
0.0,0.84113556
0.0,0.46633217
1.0,0.9643805
0.0,0.2346734
0.0,0.73940164
0.0,0.05836984
1.0,0.977496
1.0,0.8600969
0.0,0.00065368664
1.0,0.99022526
0.0,0.2926805
1.0,0.5599721
1.0,0.9912083
0.0,0.5961132
0.0,0.73785275
1.0,0.6724055
0.0,4.2119733e-05
0.0,0.0070141964
0.0,0.7249763
1.0,0.9948108
0.0,0.9819549
0.0,0.31272867
0.0,0.33718693
0.0,0.0011784626
0.0,0.053906623
1.0,0.81112653
0.0,0.1943242
0.0,0.00031678707
1.0,0.95793784
1.0,0.93280053
0.0,0.00011232254
1.0,0.98883176
0.0,0.3874122
0.0,0.7933069
0.0,0.32021463
0.0,0.13141906
0.0,0.09317927
1.0,0.9203079
0.0,0.9895672
0.0,0.0008892992
0.0,0.009651517
0.0,0.00017513483
0.0,0.767019
0.0,0.98365504
0.0,0.039870325
1.0,0.99141556
0.0,0.8191265
1.0,0.47334
0.0,0.44274676
0.0,0.64790344
0.0,0.0001421766
0.0,0.019429974
0.0,0.6362118
0.0,0.1042503
0.0,0.9584734
0.0,0.00025079338
0.0,0.8103436
0.0,1.9325791e-05
0.0,0.9508988
0.0,0.8669746
0.0,0.000119294236
1.0,0.84096634
0.0,0.4655324
0.0,0.27073765
0.0,3.4231416e-05
0.0,0.11052826
0.0,0.000119186116
0.0,0.0045480975
0.0,2.689938e-06
0.0,0.18216133
0.0,0.00038178716
0.0,0.04028996
0.0,0.2206265
0.0,0.0039683157
0.0,0.7956806
0.0,0.029224612
0.0,0.9608095
0.0,0.15061465
1.0,0.96777153
0.0,0.71789527
0.0,0.72470105
0.0,0.96619976
0.0,0.53965193
1.0,0.9699047
1.0,0.99979466
0.0,0.03656326
0.0,0.29576296
1.0,0.998338
0.0,0.35878983
0.0,4.694943e-05
0.0,0.9204874
0.0,2.5600328e-05
0.0,0.44946906
1.0,0.9412188
0.0,0.28689897
0.0,4.9808496e-05
1.0,0.99643683
0.0,0.786734
1.0,0.99388254
0.0,0.17327751
0.0,0.00085889286
0.0,0.45438638
0.0,0.07219841
0.0,0.7412881
0.0,0.14261985
0.0,0.0016712131
0.0,4.28577e-07
0.0,0.40909958
1.0,0.7877869
0.0,0.0743278
0.0,0.30283597
0.0,0.75665796
0.0,0.62296826
0.0,0.4047646
0.0,0.0023302962
0.0,0.8971446
0.0,0.0020763315
0.0,0.2793007
0.0,0.9159525
1.0,0.9760191
0.0,0.00021368556
0.0,0.6717327
0.0,0.9789505
0.0,0.0001660269
1.0,0.5691478
0.0,0.92747307
0.0,0.4187684
1.0,0.99480295
0.0,0.033102304
0.0,0.79267514
0.0,0.016391726
1.0,0.9991671
0.0,0.2884342
0.0,0.033883356
0.0,0.3345838
0.0,0.1384243
0.0,0.0006069382
0.0,0.481974
0.0,0.21858284
1.0,0.49491176
0.0,0.47339955
0.0,2.7257287e-05
0.0,0.04757601
0.0,0.5183924
0.0,2.6185071e-05
0.0,0.72131455
0.0,0.036083322
0.0,0.9465252
0.0,0.13086869
0.0,0.00833373
0.0,0.00014472542
1.0,0.99774146
0.0,0.9839659
0.0,0.27497745
0.0,0.051158883
1.0,0.96006036
0.0,0.0001590961
1.0,0.8829487
0.0,0.79665506
0.0,2.1822383e-05
1.0,0.98499006
0.0,0.0328881
0.0,0.00019543995
1.0,0.9772314
0.0,0.38929886
0.0,0.94736785
0.0,0.92601603
0.0,0.00033659802
0.0,0.0071148737
0.0,0.72728723
0.0,0.9752769
0.0,0.09094137
0.0,0.39123902
1.0,0.796971
1.0,0.9806476
0.0,0.36287755
1.0,0.98317844
0.0,9.5344285e-06
1.0,0.88682985
0.0,0.10036735
0.0,0.8030966
1.0,0.9915447
0.0,0.00021930902
1.0,0.9902739
0.0,0.8665668
0.0,0.7617538
0.0,3.691422e-05
0.0,0.4052958
0.0,0.99465805
0.0,0.7247766
0.0,0.8896441
1.0,0.99953306
1.0,0.9908407
0.0,0.00050968095
0.0,0.23476921
0.0,0.58592784
1.0,0.2415269
0.0,0.99899465
0.0,0.0012414899
0.0,0.8456227
0.0,0.6167391
0.0,0.9835144
0.0,0.14997964
0.0,0.7707179
1.0,0.800052
0.0,0.0047499603
0.0,0.005032187
0.0,0.015251458
0.0,0.7513601
0.0,0.719905
1.0,0.976527
0.0,0.14339328
0.0,0.00010807822
0.0,0.00092959753
0.0,0.084953904
0.0,0.08729251
0.0,0.13832025
0.0,0.57352555
0.0,8.6770315e-06
0.0,0.028691866
0.0,0.010608117
0.0,0.97981685
0.0,0.13781844
0.0,0.87551785
0.0,0.8086365
0.0,0.024697006
0.0,0.0011266378
0.0,0.03647626
0.0,0.054867003
0.0,0.00019468408
1.0,0.9235162
0.0,0.94797134
0.0,0.8229754
0.0,0.03837669
0.0,0.57080877
0.0,0.33064023
0.0,7.514552e-05
0.0,0.41534325
1.0,0.8054799
1.0,0.9895593
1.0,0.9333095
0.0,0.0419784
0.0,0.12199755
0.0,0.00018365931
0.0,0.8840325
0.0,0.47096187
0.0,0.00026369977
0.0,0.90356064
0.0,0.0026628468
0.0,0.13531455
0.0,0.9207274
0.0,0.12531668
0.0,0.80502087
0.0,0.00012985017
1.0,0.63834375
0.0,0.26537752
0.0,3.268384e-05
1.0,0.96095526
1.0,0.73574525
0.0,0.69044787
0.0,0.002092457
0.0,0.6112672
0.0,0.022119218
1.0,0.9597292
1.0,0.89708596
0.0,0.01808923
0.0,0.702812
0.0,0.3204037
0.0,0.37409207
0.0,0.0007402724
0.0,0.3518051
0.0,0.0003493813
0.0,0.0044292887
0.0,0.23644094
1.0,0.905538
0.0,0.07872805
1.0,0.9927423
0.0,0.000975296
0.0,0.016083108
0.0,0.0011424561
0.0,0.92647177
0.0,0.23760308
1.0,0.8195056
0.0,0.6594353
1.0,0.9645104
1.0,0.9912475
1.0,0.283633
0.0,1.4454721e-05
0.0,0.014220933
0.0,0.060716033
0.0,0.7680144
0.0,0.0013544667
0.0,0.62373704
0.0,0.054070923
0.0,0.25194755
0.0,0.002815285
0.0,0.11434439
0.0,0.23842196
0.0,0.0008136267
0.0,6.6170846e-06
0.0,1.6148782e-06
0.0,7.0952626e-07
0.0,0.8724879
1.0,0.6695232
0.0,4.436731e-06
0.0,0.44199747
1.0,0.7479975
1.0,0.98595935
0.0,0.13689235
0.0,0.0005532739
0.0,6.5290384e-05
0.0,0.89502484
0.0,0.003790478
0.0,0.51867837
0.0,0.012402367
0.0,0.002373797
1.0,0.9971855
0.0,0.96778136
0.0,0.98679674
0.0,0.08519447
0.0,2.4129564e-05
0.0,0.0010403022
0.0,0.0010446158
0.0,0.03786693
0.0,0.16108982
0.0,7.925215e-05
0.0,0.00037010244
0.0,0.025680136
0.0,0.00012632416
1.0,0.94876444
0.0,0.00046149694
0.0,0.83093566
0.0,0.28442755
0.0,0.6134502
0.0,0.8368053
0.0,0.9460134
0.0,0.9992725
0.0,1.1038511e-10
0.0,0.9580349
0.0,0.18797076
0.0,0.24094129
0.0,0.29277208
0.0,0.017237794
0.0,0.57608455
0.0,0.512128
0.0,0.5852212
0.0,0.3801758
0.0,0.6505179
0.0,0.40759632
0.0,0.43791708
0.0,0.0046044425
1.0,0.9057451
0.0,0.8962817
0.0,0.40062827
0.0,0.006158719
0.0,1.2702346e-05
1.0,0.9776069
0.0,0.009857864
0.0,0.61041015
0.0,0.955945
0.0,0.10582091
0.0,0.2662535
0.0,0.21953307
0.0,0.6647196
0.0,0.76560754
0.0,0.9797793
0.0,0.7173929
0.0,0.018083919
1.0,0.86702365
1.0,0.98132885
0.0,0.98210514
0.0,0.18076877
0.0,0.45561895
0.0,0.22634372
0.0,0.67492527
0.0,0.00265661
0.0,0.34497872
0.0,0.8928264
0.0,0.32902935
0.0,0.45806387
0.0,0.17571117
0.0,0.20860754
0.0,0.91167986
0.0,0.039905306
1.0,0.78233606
0.0,0.00021992066
0.0,0.808256
1.0,0.64187014
0.0,0.73373276
0.0,0.60887814
0.0,0.82481235
1.0,0.97882205
1.0,0.90157133
0.0,0.0003236851
0.0,0.6912271
0.0,0.026349865
0.0,0.9977034
1.0,0.991662
0.0,0.8682923
0.0,0.20985538
1.0,0.97731704
0.0,0.23296794
1.0,0.9978842
0.0,0.0002879611
0.0,0.5843126
1.0,0.8740864
0.0,0.00010611806
0.0,0.07081959
0.0,0.94955873
0.0,0.00031092812
0.0,0.03815234
0.0,0.6073093
0.0,0.023546064
0.0,0.006646097
0.0,0.00047042783
1.0,0.9938362
0.0,0.004282552
0.0,0.9828571
0.0,0.34294498
1.0,0.9636656
0.0,0.12562741
0.0,0.9864544
0.0,0.18775125
0.0,0.0082633095
0.0,0.0770408
0.0,0.67320234
1.0,0.95103174
0.0,0.14964117
0.0,0.87502104
0.0,0.24562067
0.0,0.0038629838
0.0,0.99551
0.0,0.047147
0.0,0.00018538228
1.0,0.8893743
0.0,0.0005463952
0.0,0.8053324
0.0,0.58592784
0.0,0.3724923
0.0,0.9855057
0.0,1.0969577e-05
1.0,0.6886821
1.0,0.97999465
0.0,0.78719246
1.0,0.8491442
0.0,0.004512769
0.0,0.0010767797
1.0,0.89911675
0.0,0.10632304
0.0,0.11492879
0.0,0.20084281
0.0,0.1980012
0.0,0.0010531382
0.0,0.06481335
1.0,0.68563783
0.0,0.0014499871
0.0,0.009735654
0.0,0.0007682853
0.0,0.38956285
0.0,2.95073e-05
0.0,0.0030385486
0.0,0.19104044
1.0,0.4793199
1.0,0.9996743
0.0,3.9758903e-05
0.0,0.0014582041
0.0,0.0004963587
0.0,0.7126247
0.0,0.0055293585
0.0,0.5669046
0.0,0.2830599
0.0,0.3799479
0.0,0.56234354
0.0,0.4223998
0.0,0.42728692
0.0,0.9310862
1.0,0.97841156
0.0,0.14594892
0.0,1.991221e-06
0.0,0.44195816
1.0,0.99591017
0.0,0.00037944262
0.0,0.9896115
0.0,0.025831494
1.0,0.99291587
0.0,0.0017772407
1.0,0.9988985
0.0,0.9096042
0.0,0.022994278
0.0,0.25979573
0.0,0.58592784
0.0,0.068312876
0.0,0.9921226
0.0,0.9382256
0.0,0.005026155
0.0,0.5696148
0.0,0.64508843
0.0,0.99052304
0.0,0.91290945
0.0,0.7720724
0.0,4.5162018e-05
1.0,0.86528593
0.0,0.18131498
0.0,0.28870243
1.0,0.8328163
0.0,0.70987606
1.0,0.91024595
0.0,2.6990262e-08
0.0,0.8976075
0.0,1.0111575e-05
0.0,0.15717278
0.0,0.00018689103
0.0,0.7318826
1.0,0.7799219
0.0,0.83424175
0.0,0.0066403113
0.0,0.39392605
0.0,0.009953903
0.0,0.0002954502
0.0,0.119527444
0.0,0.1937837
0.0,0.25037983
0.0,0.0004020105
0.0,0.6966755
0.0,0.9918115
0.0,3.8024882e-05
0.0,0.3923355
1.0,0.87288105
0.0,0.002107972
0.0,0.008244866
0.0,0.00039216253
0.0,0.71948576
0.0,0.9245319
0.0,2.7239073e-05
0.0,0.0047114235
0.0,0.31548983
1.0,0.74521303
0.0,0.019213878
0.0,0.00033683237
1.0,0.9920129
0.0,0.06988654
0.0,0.063980736
1.0,0.9727014
1.0,0.9749864
0.0,0.4171856
0.0,0.6153617
0.0,0.022064548
1.0,0.58816755
0.0,0.23547308
0.0,0.6052868
0.0,0.058295943
0.0,0.9559457
0.0,0.9919397
0.0,0.4332886
0.0,0.01634337
1.0,0.9812252
1.0,0.90783924
1.0,0.9844791
1.0,0.99247473
0.0,0.020084642
0.0,0.98398626
1.0,0.5791081
1.0,0.996425
0.0,0.06904643
0.0,0.75040066
0.0,0.7544229
0.0,0.08591779
0.0,0.09822691
0.0,0.0006789403
0.0,0.80789906
1.0,0.99853075
0.0,4.4073506e-05
0.0,0.17279187
0.0,0.23704277
0.0,0.016011618
1.0,0.98345655
0.0,0.41840088
0.0,0.43940076
0.0,0.4950599
0.0,0.01678416
0.0,0.9082919
0.0,0.33578387
0.0,0.12534209
0.0,0.02594507
0.0,0.47933248
0.0,0.15279031
1.0,0.7007719
0.0,0.0022203645
1.0,0.5960254
0.0,0.2653604
1.0,0.86458194
0.0,0.80741507
0.0,0.85134554
0.0,9.4641604e-07
0.0,9.649084e-05
0.0,2.7875387e-05
0.0,0.5391918
1.0,0.9276653
0.0,1.4505608e-05
0.0,0.1581889
0.0,0.55820113
0.0,1.0316662e-05
0.0,0.6028383
0.0,0.6347397
0.0,0.43899205
0.0,0.00087442267
0.0,0.9520252
0.0,0.0013808833
0.0,0.8433458
0.0,0.019560352
0.0,0.10962509
0.0,2.2194288e-05
0.0,1.9886304e-05
1.0,0.88020796
0.0,0.00022654817
0.0,0.570535
0.0,0.19842494
0.0,0.012127754
0.0,0.38216943
0.0,0.00047919285
0.0,0.0018124509
0.0,0.57377374
0.0,0.30288905
0.0,1.5999207e-05
0.0,0.0031540392
0.0,0.64357364
0.0,0.0010810122
0.0,0.10962765
0.0,0.7359441
1.0,0.8597127
1.0,0.971316
0.0,0.017708285
0.0,4.105213e-06
0.0,4.3263362e-06
0.0,0.0011747518
0.0,0.77111965
0.0,0.02908454
0.0,0.13228498
1.0,0.9920648
1.0,0.9832623
1.0,0.9823329
0.0,0.6141119
0.0,0.0042327065
0.0,0.3279879
1.0,0.8674131
0.0,0.00072180346
0.0,0.99537814
0.0,0.8204148
0.0,0.008211363
1.0,0.7033163
0.0,0.036690164
1.0,0.19281262
0.0,0.36592326
0.0,0.26886177
1.0,0.9918848
0.0,0.0022037483
0.0,0.9940737
0.0,8.374075e-05
1.0,0.9806231
1.0,0.8913118
0.0,0.06902555
0.0,0.93925875
0.0,0.32180655
1.0,0.9142377
0.0,0.37632993
1.0,0.9984983
1.0,0.5919118
0.0,0.18565987
0.0,6.208571e-05
0.0,0.021561358
0.0,0.94669545
0.0,0.044900183
0.0,0.006019543
0.0,0.0010243455
0.0,0.017079841
0.0,0.7280864
0.0,0.39534163
0.0,0.65912247
0.0,0.99642205
0.0,0.940862
0.0,0.5792969
1.0,0.98737514
0.0,0.03736629
0.0,0.06462449
0.0,0.82120377
0.0,0.5355479
0.0,0.29100254
0.0,0.83940256
0.0,0.049303107
0.0,0.04476265
0.0,0.990288
0.0,0.0650632
0.0,0.0008554502
0.0,0.9451851
1.0,0.6917847
1.0,0.9667914
0.0,0.96940416
0.0,0.9170038
0.0,0.20709698
0.0,0.020298697
1.0,0.8608618
1.0,0.17077069
0.0,0.96582216
1.0,0.82288367
0.0,0.076186925
0.0,0.0020246895
0.0,0.019819982
0.0,0.8672475
1.0,0.9497039
0.0,8.5526146e-05
0.0,0.39117876
1.0,0.91912705
0.0,0.7563032
0.0,0.011563952
0.0,0.046620995
0.0,0.009614913
0.0,0.032848824
0.0,0.0031819784
1.0,0.71860343
0.0,0.79684675
0.0,0.0041458006
0.0,0.030988486
1.0,0.6716065
0.0,0.0038049985
1.0,0.9642171
0.0,0.99385625
0.0,0.00084798736
0.0,0.47565195
0.0,0.030530304
0.0,0.3441945
0.0,0.7215731
0.0,0.00010671117
0.0,0.12342501
1.0,0.7514785
0.0,0.9200232
0.0,0.027368173
1.0,0.99556607
0.0,0.004314477
0.0,0.00011127268
0.0,0.018710041
0.0,0.18161273
0.0,0.9123465
0.0,0.7967675
1.0,0.79402727
0.0,0.0017204464
0.0,0.002168764
1.0,0.9260325
0.0,0.0016557714
0.0,0.5737342
0.0,0.5851397
0.0,0.370248
0.0,7.993777e-05
0.0,0.0025451717
0.0,0.5730103
0.0,0.7548455
0.0,0.0023275677
1.0,0.99610823
1.0,0.97285897
0.0,0.46958858
0.0,0.038574353
0.0,0.37723526
0.0,0.2571575
1.0,0.98674613
1.0,0.5412842
0.0,0.54471993
0.0,0.6148126
0.0,0.15696833
0.0,0.00055587926
0.0,0.996003
0.0,0.31995803
0.0,0.00074838585
1.0,0.8321433
0.0,0.023554694
0.0,0.008308491
1.0,0.96609604
0.0,0.0011222948
0.0,0.0016556728
0.0,0.47460133
0.0,0.14155063
0.0,0.0059940084
0.0,0.27841496
1.0,0.63389045
0.0,5.529802e-05
0.0,0.11283341
1.0,0.99041724
0.0,0.0002818819
0.0,0.0012785548
0.0,0.44392103
1.0,0.13310921
0.0,0.8801631
0.0,3.2200361e-07
0.0,0.8424512
0.0,4.3256994e-05
0.0,0.062024403
0.0,0.04370235
0.0,3.5810939e-09
0.0,0.5131831
0.0,0.0016354348
0.0,0.8184792
0.0,0.00010901234
1.0,0.96963555
0.0,0.5738979
1.0,0.99938595
1.0,0.907502
1.0,0.660128
1.0,0.6748701
1.0,0.99681586
1.0,0.91531914
0.0,0.35831493
0.0,0.8180722
1.0,0.5703079
0.0,2.3252978e-05
0.0,0.0012254904
0.0,0.8789847
1.0,0.87366974
1.0,0.831591
0.0,0.99575436
0.0,0.9798621
0.0,1.0539709e-05
0.0,0.94655865
0.0,0.35429287
1.0,0.98074156
1.0,0.93972915
0.0,0.20919295
0.0,0.9317166
0.0,0.012868127
0.0,0.70010614
0.0,0.0060482817
0.0,6.315243e-05
0.0,2.4780242e-05
0.0,0.19424962
0.0,0.37586623
0.0,0.16973098
0.0,0.0004423424
0.0,0.44003078
0.0,0.000100151265
0.0,0.039620366
0.0,0.11507595
0.0,0.060829684
0.0,0.994616
0.0,0.67901975
1.0,0.9965023
0.0,0.5706638
0.0,0.9817601
0.0,0.026972871
0.0,0.13604261
1.0,0.99519604
0.0,0.00023317321
0.0,0.10803816
1.0,0.58592784
0.0,0.880686
0.0,0.00070486794
0.0,0.6148592
1.0,0.8639755
0.0,0.96475405
0.0,0.5631339
0.0,0.9778299
0.0,0.739455
0.0,0.28817326
0.0,0.002467842
0.0,0.012668969
0.0,0.41048333
0.0,0.43218967
0.0,0.20492244
1.0,0.98195845
0.0,0.23525792
0.0,0.86596483
0.0,1.9903511e-05
0.0,0.0782624
0.0,0.8076702
0.0,0.012633802
0.0,0.75256187
0.0,0.57189995
0.0,0.68617296
0.0,0.28716686
0.0,3.783372e-05
0.0,0.43141612
1.0,0.5228999
0.0,0.02059171
0.0,0.41949004
0.0,0.601024
1.0,0.9528418
0.0,0.0005020443
0.0,0.00016973898
0.0,0.40342018
0.0,0.4700971
0.0,0.17546214
0.0,0.14487046
0.0,0.022812488
0.0,0.25159934
0.0,0.9776234
0.0,0.0014036315
0.0,0.06542696
1.0,0.75850713
1.0,0.97151977
0.0,0.00016837397
0.0,0.0015443299
1.0,0.9940739
0.0,0.5741087
0.0,0.0011248582
0.0,0.13978359
0.0,0.15738264
1.0,0.4865609
0.0,0.0007489763
0.0,0.28011602
1.0,0.971511
0.0,9.192639e-06
0.0,0.0011887816
0.0,2.3382732e-05
0.0,0.26116487
1.0,0.97133136
1.0,0.373205
0.0,0.72462636
0.0,0.38179344
0.0,0.0019170995
0.0,0.005649602
0.0,0.031593308
1.0,0.9651732
0.0,0.0049092732
1.0,0.9327183
0.0,0.05835954
0.0,0.4976093
0.0,0.35162306
0.0,0.66819304
0.0,0.12212625
0.0,2.1285758e-05
0.0,0.0012444224
0.0,0.48573205
0.0,0.39441246
0.0,0.008145124
0.0,0.29956648
0.0,0.39326
0.0,0.48614687
0.0,0.00031547327
1.0,0.8192758
1.0,0.49277598
0.0,0.8054618
0.0,2.8544142e-05
1.0,0.9625612
0.0,0.18135326
0.0,0.0008393611
0.0,0.017330635
0.0,0.114119194
1.0,0.7170591
0.0,2.7489682e-06
0.0,0.3103686
0.0,0.44619164
0.0,0.89989257
1.0,0.9638573
0.0,0.00800578
1.0,0.99366236
0.0,0.9763347
1.0,0.6212469
0.0,0.9584076
0.0,0.034521442
0.0,0.11065924
0.0,0.52762824
1.0,0.8641117
0.0,0.015277883
0.0,0.00083493436
0.0,0.00025065927
0.0,0.07921507
0.0,0.43817863
1.0,0.99788874
0.0,0.00047472303
1.0,0.7301071
0.0,0.015237341
1.0,0.9054542
0.0,0.6464223
1.0,0.009415973
0.0,0.0119170705
1.0,0.74270296
0.0,0.0076414943
0.0,0.14664866
0.0,0.6198769
1.0,0.92584056
0.0,0.9047268
0.0,0.93402225
0.0,0.48930776
1.0,0.93917125
1.0,0.9892888
0.0,0.0010636922
1.0,0.85792875
0.0,0.5347074
1.0,0.90950495
0.0,0.27281448
0.0,0.0024199607
0.0,0.28608456
0.0,0.6810976
1.0,0.96916324
0.0,0.037170395
0.0,0.26619855
1.0,0.91127974
0.0,0.34352773
0.0,0.99349046
0.0,0.008305212
0.0,0.1459759
0.0,0.92766345
0.0,0.048402827
0.0,0.6127845
0.0,0.73628676
0.0,0.009657329
0.0,0.9840598
0.0,0.8223575
0.0,0.8301873
0.0,0.00077006937
0.0,0.0016108337
1.0,0.99675876
0.0,0.000176305
0.0,0.00043402
0.0,0.006759614
0.0,0.55159634
0.0,0.0016811689
0.0,0.9506216
0.0,0.06063243
1.0,0.9667322
0.0,0.52619004
0.0,0.8195387
0.0,0.18623853
0.0,0.63471305
1.0,0.9699083
0.0,0.28111467
1.0,0.9918356
1.0,0.95814013
0.0,1.4901856e-05
0.0,0.04955784
0.0,0.3798701
0.0,0.32644394
0.0,0.5493938
0.0,0.00012196657
0.0,0.9372965
0.0,0.0010406476
0.0,0.00695778
0.0,0.84648067
0.0,7.973432e-06
0.0,4.0736006e-05
0.0,0.07945533
0.0,0.3992649
1.0,0.98807263
0.0,0.011297609
0.0,4.6186466e-05
1.0,0.85557175
0.0,0.0011987226
0.0,0.0046622893
0.0,0.3060513
0.0,0.6765917
0.0,7.5298465e-07
0.0,0.00043143137
0.0,0.6044971
1.0,0.9548414
0.0,0.21397159
0.0,0.14300217
0.0,0.07381199
1.0,0.9624259
0.0,0.0012312528
0.0,0.51386267
0.0,0.105814375
0.0,0.061713737
0.0,0.38272998
0.0,0.52248776
0.0,0.72680277
1.0,0.8157043
0.0,0.11414322
0.0,0.96478313
0.0,0.00049566966
0.0,0.38284722
0.0,0.0038314755
0.0,0.33496085
0.0,0.009683615
0.0,2.0318794e-06
0.0,0.560457
0.0,0.00039941544
1.0,0.7078267
0.0,0.58377105
0.0,0.38953406
0.0,0.2083734
0.0,6.396088e-05
0.0,4.408027e-05
0.0,0.00012844603
0.0,0.38529855
0.0,0.0048112296
0.0,1.2056387e-05
0.0,0.017526513
0.0,0.38900587
0.0,0.036476333
0.0,2.4507695e-05
0.0,0.44724816
0.0,0.0065999147
0.0,9.274726e-06
0.0,0.82491934
0.0,0.09571554
0.0,0.535585
0.0,0.22847755
1.0,0.99858284
0.0,0.1375908
0.0,0.90106887
1.0,0.9786683
0.0,0.027801095
0.0,0.7218043
0.0,0.036307905
0.0,0.00010320362
0.0,0.1238479
0.0,0.16605298
0.0,0.27237633
0.0,0.013474713
0.0,0.0009108533
0.0,0.12700549
0.0,0.71810174
1.0,0.756899
0.0,0.20399806
0.0,1.1127317e-05
0.0,0.39140114
0.0,0.77587265
0.0,4.0172232e-05
0.0,0.65786994
0.0,0.066377506
0.0,0.048838858
0.0,0.00037431018
0.0,0.13030855
0.0,0.29040426
0.0,0.0064014853
0.0,0.00037732502
0.0,0.00073811266
0.0,0.14664394
1.0,0.9987463
0.0,0.001542913
0.0,9.6520016e-05
0.0,0.5294386
0.0,9.523228e-07
0.0,0.00023066699
0.0,0.36208063
0.0,0.016320718
0.0,0.22859675
0.0,0.04487009
0.0,8.501474e-06
0.0,0.6109813
0.0,0.1284416
0.0,0.103519924
0.0,2.6037882e-05
1.0,0.97784185
0.0,0.06436006
0.0,0.07140179
0.0,0.46513546
0.0,0.14165944
0.0,0.014671512
0.0,0.07009672
0.0,0.44182315
0.0,0.79761666
1.0,0.9666432
0.0,0.7483592
0.0,4.074206e-06
0.0,0.0038311803
0.0,0.002179382
0.0,0.48780358
0.0,0.64882994
0.0,0.007126043
0.0,0.9888918
1.0,0.8398959
0.0,2.4792864e-05
0.0,0.006296919
0.0,0.0065317787
0.0,0.35042346
1.0,0.9113632
0.0,9.390739e-06
0.0,0.00026053298
0.0,0.21612531
0.0,0.00010255281
0.0,0.00025356413
0.0,0.0005298925
0.0,0.8185014
1.0,0.9990626
0.0,0.99245924
1.0,0.58812684
0.0,1.5042655e-05
0.0,0.73371094
0.0,1.42812405e-05
0.0,0.1487031
0.0,0.00034510595
0.0,0.31170857
0.0,0.037970442
1.0,0.9736927
0.0,0.072395615
0.0,0.0004538108
0.0,0.0024150054
0.0,4.9939576e-05
1.0,0.5113096
0.0,0.5404068
0.0,0.57928765
1.0,0.845716
0.0,0.0068902154
0.0,0.6133992
0.0,0.37138683
0.0,0.13541889
0.0,0.0027340658
0.0,0.12171238
0.0,0.69379824
0.0,0.6197235
0.0,0.0059025767
1.0,0.99342865
0.0,0.3953369
1.0,0.76477426
1.0,0.34800747
1.0,0.9264865
0.0,0.0009974974
0.0,0.015459191
0.0,0.00060580455
1.0,0.9622678
0.0,0.6755889
0.0,0.7194641
0.0,0.83413154
0.0,0.032703415
0.0,0.71034586
0.0,3.841828e-05
0.0,0.7127552
0.0,0.00015064135
0.0,0.0016340914
1.0,0.0011776502
0.0,0.04295169
1.0,0.9945458
0.0,0.002605126
0.0,0.0012527811
1.0,0.22059782
0.0,6.75076e-07
1.0,0.881256
1.0,0.99459153
1.0,0.89364254
0.0,0.11394263
0.0,0.104880065
0.0,0.014463136
1.0,0.99583983
0.0,2.0465313e-05
0.0,0.020253796
0.0,0.07239971
0.0,0.59570843
0.0,0.00028757672
1.0,0.6555353
1.0,0.8849592
0.0,0.5815159
0.0,0.032897092
0.0,0.03612743
0.0,0.10606738
0.0,0.16417865
0.0,0.82686543
0.0,0.7164957
0.0,0.00016956507
0.0,0.77405125
0.0,0.9980959
1.0,0.9903419
0.0,0.81929874
0.0,0.00017766855
0.0,0.00022174872
0.0,0.16777019
0.0,0.8268137
0.0,0.25036985
0.0,8.880064e-06
0.0,0.8270033
0.0,0.003881793
0.0,0.016224632
0.0,0.30698183
0.0,0.9578777
0.0,0.0010877501
0.0,0.7583657
0.0,0.5259937
1.0,0.91684014
0.0,0.032957625
0.0,0.004623348
0.0,0.0010807362
0.0,0.28076357
0.0,6.1168146e-07
0.0,0.18785033
0.0,0.11446314
1.0,0.9985879
0.0,0.0009740545
0.0,0.0029283129
1.0,0.98971516
0.0,0.8701397
1.0,0.042120095
0.0,0.9581179
0.0,0.8777388
0.0,0.0055938256
0.0,0.44476625
0.0,0.45538798
0.0,2.2376144e-05
0.0,0.842153
0.0,0.7838903
0.0,0.0009344381
1.0,0.994561
0.0,0.0017304338
0.0,0.002153703
1.0,0.9911157
1.0,0.9645221
0.0,0.023235084
0.0,0.0025036715
0.0,0.004555874
0.0,0.06773803
0.0,8.663031e-05
0.0,0.06274347
0.0,1.6205634e-06
1.0,0.9885876
0.0,8.7449116e-05
0.0,0.12265292
0.0,0.13743177
0.0,0.079185426
0.0,0.0041848067
0.0,0.0019679489
0.0,0.7614916
0.0,0.1394626
1.0,0.8146548
0.0,0.0045858314
0.0,0.4482843
0.0,0.0002222099
0.0,0.9691738
0.0,0.5827006
0.0,0.40557623
0.0,5.3042946e-05
0.0,0.07931197
0.0,0.1004094
0.0,4.097898e-05
0.0,0.38054383
1.0,0.9459617
1.0,0.58592784
0.0,0.10990098
0.0,0.18018214
1.0,0.98113877
0.0,0.04606278
0.0,0.036206286
0.0,0.5662187
0.0,0.37235305
1.0,0.3995431
0.0,0.9804379
1.0,0.940355
0.0,0.048963018
0.0,0.0012905574
0.0,0.00129138
1.0,0.58910775
0.0,0.1153734
0.0,0.17731574
0.0,0.00019409375
0.0,0.0009799323
0.0,0.0028585696
1.0,0.64279723
0.0,0.9234984
1.0,0.9344934
0.0,0.00038603417
0.0,5.9883245e-05
0.0,3.2013882e-05
0.0,2.4269425e-06
0.0,0.7075615
0.0,0.99522996
0.0,0.026964
0.0,0.9889313
0.0,0.0002715644
1.0,0.19609943
0.0,3.2715026e-05
0.0,0.75479287
0.0,0.41362214
0.0,0.9935615
1.0,0.96191555
1.0,0.99429214
0.0,0.00053028384
0.0,0.03750719
0.0,0.7686896
0.0,0.041989148
0.0,0.26910496
0.0,0.056465622
0.0,0.39976874
0.0,0.0139116375
0.0,0.9095381
0.0,0.87597615
0.0,0.42773652
1.0,0.58592784
1.0,0.9968606
1.0,0.99919826
1.0,0.9838754
0.0,0.35335258
0.0,0.012884339
1.0,0.98876035
0.0,1.32026125e-05
0.0,0.5328551
0.0,0.070628256
0.0,0.008136172
0.0,0.0012537391
0.0,0.5099983
0.0,0.6365713
0.0,0.0004134501
0.0,0.8914903
1.0,0.985143
0.0,0.056980964
1.0,0.6791957
0.0,9.0924565e-05
0.0,0.03030287
0.0,0.68242097
0.0,0.46098924
0.0,0.7975733
0.0,0.8408698
0.0,0.49164924
0.0,0.84913516
0.0,0.98064274
0.0,0.0007128083
0.0,0.99888176
0.0,0.3377437
0.0,0.7086067
1.0,0.90152967
0.0,0.0042787567
0.0,1.1303341e-05
0.0,0.01952966
0.0,0.070077434
0.0,0.0009733648
0.0,0.6309898
0.0,0.512255
0.0,0.00018909617
0.0,0.0011744166
0.0,0.003639125
0.0,3.3800312e-05
0.0,0.6102419
0.0,0.9325907
0.0,0.01214038
0.0,0.9587189
0.0,0.0018435154
0.0,0.013516893
0.0,0.2048178
0.0,0.82881874
0.0,0.04051981
0.0,0.00074944604
0.0,0.02356443
0.0,0.016161257
0.0,0.27408475
0.0,0.00038502732
0.0,0.81240064
0.0,0.8829034
0.0,0.4690289
0.0,0.13637426
0.0,0.00015687686
0.0,0.018690405
0.0,0.005043731
0.0,0.06564761
0.0,7.0944566e-06
0.0,0.32356495
0.0,0.07859368
0.0,0.8481624
0.0,1.8749493e-05
0.0,0.0010817169
0.0,0.00086970127
0.0,0.36495197
0.0,0.4945828
1.0,0.99958307
0.0,0.50876313
0.0,9.856534e-05
0.0,0.110308446
0.0,0.6847838
0.0,0.18348438
0.0,0.00020984288
0.0,0.76443785
0.0,0.13513507
0.0,0.42365748
0.0,0.82591265
0.0,0.8246486
0.0,0.0052547767
0.0,0.37942058
0.0,0.9876967
0.0,0.9237086
1.0,0.8588464
0.0,2.6759194e-06
1.0,0.98243666
1.0,0.45348358
0.0,0.6545149
1.0,0.17118907
0.0,0.6161206
0.0,0.16529271
0.0,0.0008044933
0.0,0.14185844
0.0,0.046763726
0.0,7.026847e-07
0.0,0.6787778
0.0,0.569592
1.0,0.96449625
0.0,0.3663987
0.0,0.0015250898
0.0,0.05584155
0.0,0.8892432
1.0,0.88417894
0.0,0.00027971424
1.0,0.4435989
0.0,0.0005239879
1.0,0.9990497
0.0,0.70618
0.0,0.8376319
0.0,0.26672664
0.0,0.0026860698
0.0,0.1089142
0.0,0.8112777
0.0,0.0047412426
0.0,0.24265504
1.0,0.9652026
0.0,0.9151488
0.0,3.645596e-06
0.0,0.0011516694
0.0,0.0012982578
0.0,0.15538582
0.0,0.089044
0.0,0.32861313
0.0,0.0008526885
0.0,0.010597109
0.0,0.027347028
0.0,0.57517576
0.0,0.4611228
0.0,0.00025318074
0.0,0.1097034
0.0,0.00020008328
0.0,0.39683607
0.0,0.00849266
0.0,0.1977148
0.0,0.0003454789
0.0,0.00071068836
0.0,0.004511769
0.0,0.0015838774
0.0,0.9014137
0.0,0.005807582
0.0,0.82057565
0.0,0.6017574
0.0,0.0004042903
0.0,0.076538175
0.0,0.1993003
0.0,0.00693968
0.0,0.7086529
1.0,0.7779771
0.0,0.44342571
0.0,0.25601873
0.0,0.39975807
1.0,0.9505801
0.0,0.15424486
1.0,0.98546195
0.0,0.0056402795
0.0,0.056456733
0.0,1.1673633e-06
0.0,0.09580549
0.0,0.00013084876
0.0,0.0002654562
0.0,0.61334616
0.0,0.9345037
0.0,0.5393706
0.0,0.51997775
0.0,3.6540267e-05
1.0,0.8302448
0.0,5.5592473e-06
0.0,0.08240998
0.0,0.0005737796
0.0,0.4866422
1.0,0.8985668
0.0,0.011524645
0.0,0.1841711
0.0,0.04322605
0.0,0.00033479428
0.0,4.308696e-05
1.0,0.9228578
0.0,7.93466e-05
0.0,9.026633e-06
1.0,0.9838501
0.0,0.10622317
0.0,0.00016934711
0.0,0.40212256
0.0,0.0014250911
1.0,0.99728537
0.0,0.028237525
1.0,0.96855575
0.0,0.0012948945
0.0,1.3294643e-05
1.0,0.99726933
0.0,0.23219836
1.0,0.92378676
0.0,0.0073710294
0.0,0.55150837
0.0,0.0060700323
0.0,0.25595418
0.0,0.0029855925
0.0,0.57764643
1.0,0.98058426
0.0,0.72853255
0.0,0.2525852
0.0,0.44084072
0.0,0.0001236208
0.0,0.7585904
1.0,0.99047464
0.0,0.00035158053
0.0,0.43697158
0.0,1.6461745e-05
0.0,0.003103182
1.0,0.5343431
1.0,0.58388335
0.0,0.005088032
0.0,0.0007515613
0.0,2.8579227e-05
0.0,0.8820762
0.0,0.3875096
0.0,0.031332098
0.0,0.73149234
0.0,7.2973958e-06
0.0,0.624251
0.0,0.0022361586
1.0,0.9942934
0.0,0.16470985
1.0,0.987768
0.0,0.21610624
0.0,0.29850605
0.0,0.00013661676
0.0,0.09024448
0.0,0.12137802
0.0,0.00016366261
0.0,0.18878332
0.0,0.0037042124
0.0,0.16995656
0.0,0.0008758795
0.0,2.6770558e-05
0.0,0.009527583
0.0,0.98655266
0.0,0.020437492
0.0,0.72985125
0.0,0.88155144
0.0,0.004592477
0.0,0.55465084
0.0,0.0005890583
0.0,2.659587e-05
0.0,0.94858336
0.0,0.0019157407
0.0,0.9084374
0.0,0.31712532
1.0,0.99988735
0.0,0.81048536
0.0,0.13743764
0.0,0.5786363
0.0,0.8285868
0.0,3.0348392e-05
0.0,0.006877723
0.0,0.39360082
0.0,0.0002916452
0.0,3.4021574e-05
0.0,6.35891e-05
0.0,0.05207797
0.0,0.0025085695
0.0,0.10916013
0.0,0.13626514
0.0,0.0011752661
0.0,0.8784853
0.0,2.4706125e-05
0.0,0.28566825
0.0,0.10258988
0.0,0.21590818
0.0,0.056807794
0.0,0.319884
1.0,0.9207227
0.0,0.000106272586
0.0,0.990442
0.0,0.15895338
0.0,0.1339221
0.0,0.0043593054
0.0,0.004919818
0.0,0.012438643
0.0,0.7587475
0.0,0.435852
1.0,0.97890055
0.0,0.54498017
0.0,0.0016890478
0.0,5.3180793e-06
0.0,0.50711
0.0,0.01300311
0.0,0.7507553
0.0,0.8242462
1.0,0.95663947
0.0,0.06541017
0.0,0.28701952
0.0,0.7276899
0.0,0.048108477
0.0,0.29585713
0.0,0.00043891725
0.0,0.058515154
0.0,0.99687
1.0,0.9851077
0.0,0.0021616635
1.0,0.96821713
0.0,0.00033347105
0.0,0.04039511
0.0,0.00802042
0.0,0.006872303
0.0,0.6638066
0.0,0.23575315
1.0,0.9952247
0.0,0.1861887
0.0,0.29483765
0.0,0.013660272
1.0,0.9990097
0.0,0.8903028
0.0,5.9242262e-05
0.0,0.5872918
0.0,0.89689934
0.0,0.30158693
0.0,0.70688426
0.0,0.0006533683
0.0,0.056361847
0.0,0.02107601
0.0,0.96877384
0.0,0.28081504
0.0,0.7957082
0.0,0.0004524232
0.0,0.013352968
1.0,0.71515465
0.0,9.571025e-05
0.0,0.00011630986
1.0,0.9616051
0.0,8.577046e-06
0.0,0.75012696
0.0,2.7875281e-05
0.0,0.00020533614
0.0,0.8753424
0.0,0.40845227
0.0,2.8172539e-05
0.0,0.0025104962
1.0,0.83101875
0.0,0.9325855
0.0,0.08249609
0.0,0.2215436
0.0,0.8734202
1.0,0.9917636
0.0,0.1622241
0.0,0.00069228036
0.0,0.0057497313
0.0,0.0021310353
0.0,0.08795457
0.0,0.6123203
0.0,9.536679e-05
0.0,0.1389333
0.0,0.5655039
0.0,0.0008162573
0.0,0.00019254578
0.0,0.001296202
0.0,0.040619995
0.0,0.5241461
0.0,0.60029435
1.0,0.983487
0.0,0.20579053
0.0,0.46294352
0.0,0.007974886
0.0,0.61138046
1.0,0.86778915
0.0,0.3596857
0.0,0.0055434178
0.0,0.59465325
1.0,0.7362205
1.0,0.036408216
1.0,0.97998834
0.0,0.9741097
0.0,0.010920587
0.0,0.02538705
0.0,0.027178345
0.0,0.1029465
1.0,0.9956957
0.0,0.016989784
0.0,0.034561824
0.0,0.014672048
0.0,0.6510719
0.0,0.06899916
1.0,0.9065845
0.0,0.53377837
1.0,0.99195194
0.0,0.23645833
0.0,0.3076521
0.0,2.0645168e-05
0.0,0.0075489413
0.0,0.9192387
1.0,0.9962858
0.0,5.425867e-05
0.0,0.10427428
0.0,0.8009298
0.0,0.0036680347
0.0,0.21526432
0.0,0.40180138
0.0,0.87432575
0.0,0.7577745
0.0,0.30393323
1.0,0.99282455
1.0,0.8540647
0.0,0.8810632
1.0,0.76339006
0.0,0.02498902
1.0,0.6186365
0.0,0.0023139701
0.0,0.005732815
0.0,0.04742598
0.0,0.6953418
0.0,0.95845544
1.0,0.98263156
1.0,0.8295668
0.0,0.97431755
0.0,0.19883867
0.0,0.00058185845
1.0,0.95236725
0.0,0.00061360555
0.0,0.00091861584
0.0,0.2885887
0.0,0.096936926
0.0,2.6603884e-05
0.0,1.4312272e-05
0.0,0.0052738837
0.0,0.38741553
0.0,0.064344004
0.0,0.5985001
0.0,0.0019560393
0.0,0.004874937
0.0,0.0005730251
0.0,0.12886642
0.0,0.0101865
0.0,0.00028858276
0.0,0.04545358
1.0,0.990194
0.0,0.23887832
1.0,0.87555677
0.0,0.00025844932
0.0,0.0007475128
1.0,0.9682076
0.0,0.8604575
0.0,0.030411754
0.0,0.077210255
0.0,0.0005731024
0.0,0.0001275115
1.0,0.9698439
0.0,0.0018885093
1.0,0.0063999877
1.0,0.55650634
0.0,0.05356412
1.0,0.97107553
0.0,0.49561095
0.0,9.528093e-06
1.0,0.9901501
0.0,0.00013679352
0.0,0.997282
1.0,0.9286204
1.0,0.7935721
0.0,0.015528384
0.0,0.122709386
0.0,0.00010110178
1.0,0.6011038
0.0,0.16243628
0.0,0.2770285
1.0,0.992061
0.0,0.075861685
0.0,0.0019894578
0.0,0.051335692
0.0,4.515388e-05
0.0,0.1552271
0.0,3.1601267e-05
0.0,0.3118558
0.0,0.003765115
0.0,0.014368223
0.0,0.65504014
0.0,0.002217838
0.0,1.5068839e-06
0.0,0.009508464
1.0,0.6505288
0.0,0.0023066807
0.0,3.8104452e-05
0.0,0.023419373
0.0,0.41976923
1.0,0.9876846
0.0,0.17207126
0.0,0.0008522219
0.0,0.99882716
0.0,0.026602823
0.0,4.3999207e-06
0.0,0.32658213
0.0,0.4082132
0.0,0.47323653
0.0,0.073061414
0.0,0.51193535
0.0,0.0013456977
0.0,0.70953465
0.0,0.0008830538
0.0,0.0011287793
0.0,0.296541
0.0,0.11577565
0.0,4.0365294e-06
0.0,0.023664588
0.0,0.00040544933
1.0,0.99699235
0.0,0.00026324886
0.0,0.30394426
0.0,0.3497643
1.0,0.9614976
0.0,0.7145458
0.0,0.98277205
0.0,0.4374373
0.0,0.00045538516
1.0,0.8020489
0.0,0.8583702
0.0,0.02211424
0.0,0.015942896
0.0,0.29087004
1.0,0.9670903
0.0,0.003671084
0.0,0.0071566734
0.0,0.6072261
1.0,0.7876026
0.0,0.00011635557
0.0,0.00014797653
0.0,2.2952161e-05
0.0,0.04280832
0.0,0.007783618
0.0,0.0013407436
1.0,0.9741494
0.0,0.00110033
0.0,0.9607285
0.0,7.714736e-05
0.0,0.0015085256
0.0,0.049126234
0.0,0.010175953
0.0,0.017394392
0.0,0.21837835
0.0,0.3364556
0.0,0.78723925
0.0,0.006911401
0.0,0.47168413
0.0,3.4251145e-05
1.0,0.59473467
0.0,0.020764269
0.0,1.979741e-06
1.0,0.68791014
0.0,0.039817818
1.0,0.99935347
1.0,0.72546756
0.0,0.86814964
0.0,0.8678836
1.0,0.8202604
0.0,0.0016547178
0.0,1.5066244e-05
0.0,0.9786199
0.0,0.23606469
0.0,0.9858234
0.0,0.09571795
0.0,0.71115583
0.0,0.06672331
0.0,0.99558014
0.0,0.334909
0.0,0.8810186
0.0,0.1393889
1.0,0.64947605
0.0,0.6002895
0.0,0.012623885
0.0,0.28976214
0.0,0.06538815
0.0,0.04341924
0.0,0.15255083
0.0,0.013914903
0.0,0.53315544
1.0,0.2072198
0.0,0.00069137936
0.0,0.43930298
0.0,0.04888179
1.0,0.86388427
0.0,0.00305308
0.0,0.15458943
1.0,0.9230999
0.0,0.056888025
0.0,0.0013153433
0.0,5.7077104e-05
0.0,0.06415616
0.0,0.00071479566
0.0,0.10713856
0.0,0.051394306
0.0,0.6492617
0.0,4.6770907e-05
0.0,0.15632209
0.0,0.7927268
0.0,0.1958802
0.0,8.155279e-06
1.0,0.09047641
0.0,0.008300699
1.0,0.9881337
0.0,7.54099e-05
0.0,0.9999137
0.0,0.27093783
1.0,0.97064847
1.0,0.97700524
1.0,0.99574214
0.0,0.003885689
0.0,0.00027579005
0.0,0.008115257
1.0,0.9445169
0.0,0.9825094
0.0,0.36822492
0.0,0.0046737017
0.0,0.40626612
1.0,0.9632471
0.0,0.26240012
0.0,1.0453774e-06
0.0,0.7835881
0.0,0.04929952
0.0,0.7557068
0.0,0.00012767685
0.0,0.31719774
0.0,2.5187655e-05
0.0,0.00044653218
1.0,0.9891794
0.0,0.0009630472
0.0,0.0016488266
0.0,0.47571263
0.0,0.0012883832
0.0,0.044380013
0.0,7.783695e-05
0.0,0.98135114
0.0,0.96269405
0.0,0.115945645
0.0,0.047542747
0.0,0.00011685704
0.0,0.026935246
0.0,0.002420247
0.0,0.75175947
0.0,0.6144638
1.0,0.8769578
0.0,3.205858e-05
0.0,0.17399326
0.0,0.0016845969
0.0,0.65982026
0.0,0.07614646
0.0,0.41210103
1.0,0.9744776
0.0,7.804045e-05
0.0,0.89908993
0.0,5.7250392e-05
1.0,0.83593553
0.0,0.0011734226
1.0,0.98742104
0.0,0.00012631535
0.0,0.6625298
0.0,0.99108
0.0,0.3881204
0.0,0.34176177
0.0,1.1286096e-05
0.0,0.48119107
0.0,0.24821086
0.0,0.92589164
0.0,3.188196e-05
0.0,0.0001346096
0.0,0.00010364526
0.0,0.11678728
0.0,0.9960997
0.0,0.11830505
0.0,0.42226425
0.0,2.006601e-06
0.0,0.17646421
0.0,9.460171e-05
0.0,0.5458815
0.0,0.20102906
0.0,0.05368388
0.0,6.1338455e-05
1.0,0.8805351
1.0,0.9724893
0.0,6.078673e-08
0.0,0.22240435
0.0,0.033766918
0.0,0.039366607
0.0,0.03909568
0.0,0.2650751
0.0,0.08630185
0.0,0.00022222451
0.0,0.19720888
0.0,0.00015473636
0.0,0.49669993
0.0,0.4255998
0.0,0.80547446
0.0,0.042167127
0.0,0.012479301
0.0,0.9166916
0.0,0.71747726
0.0,0.04241696
0.0,0.051371936
0.0,2.4336998e-05
0.0,0.64920515
0.0,0.48309264
0.0,0.02521937
0.0,4.2402307e-06
0.0,0.9372133
0.0,0.6990291
0.0,0.007698455
0.0,0.610305
0.0,2.4550047e-06
1.0,0.96757925
0.0,0.00043977602
0.0,0.025244929
0.0,0.90530545
0.0,4.6676047e-05
0.0,1.7554412e-06
0.0,0.8590492
0.0,1.5961435e-06
1.0,0.3598819
0.0,0.32199103
1.0,0.91939723
0.0,0.013021471
0.0,0.33664885
1.0,0.9965759
0.0,0.0016518648
0.0,0.0028552602
0.0,5.285718e-05
0.0,0.7850811
0.0,0.2232231
0.0,0.008093542
0.0,5.267221e-05
0.0,0.02775775
0.0,0.22737466
1.0,3.464469e-05
0.0,0.9632359
0.0,1.8952642e-06
1.0,0.985581
0.0,1.6052683e-05
0.0,0.0041259937
0.0,0.9964833
0.0,0.0021719022
0.0,0.015130524
1.0,0.004671437
0.0,0.7539226
1.0,0.9848802
0.0,0.37370732
0.0,0.002051499
0.0,0.00012346049
0.0,3.792475e-05
0.0,0.004274345
0.0,0.020552395
0.0,0.34746605
0.0,0.377217
0.0,0.004880505
0.0,0.9790348
0.0,0.39434198
0.0,0.054220967
0.0,0.36738798
0.0,0.0053688055
0.0,0.26027563
0.0,0.10863861
1.0,0.74159735
0.0,0.91401386
1.0,0.9927302
0.0,0.3575391
0.0,0.0376616
1.0,0.7691796
0.0,0.29364684
1.0,0.9857671
1.0,0.99325573
0.0,0.86466324
0.0,0.21337484
0.0,0.5771692
1.0,0.9931786
0.0,0.7526992
0.0,0.01960793
0.0,0.24737357
0.0,0.99844813
0.0,0.012397778
0.0,0.29687083
0.0,0.00971681
0.0,0.0065474976
0.0,0.002087279
1.0,0.94844776
0.0,0.8246976
0.0,0.2026131
0.0,0.00013523124
0.0,0.00034756528
0.0,0.02718998
0.0,0.29126504
0.0,0.5617078
1.0,0.6649892
0.0,0.0001831113
1.0,0.9658523
0.0,0.005565117
1.0,0.29204702
0.0,0.80550754
0.0,0.004148392
0.0,0.12633064
0.0,0.057979926
0.0,0.0001050285
0.0,0.3655434
0.0,0.54286474
1.0,0.9779587
1.0,0.95191693
0.0,0.25506425
0.0,0.00029838205
0.0,0.085659504
1.0,0.9991683
0.0,0.0018363827
0.0,0.00012354764
0.0,1.3361373e-05
0.0,0.33316028
0.0,0.000965198
0.0,1.3025799e-05
1.0,0.9476093
0.0,0.5532716
0.0,0.9910943
0.0,0.004172029
0.0,0.010491779
0.0,0.034801304
0.0,0.56391495
0.0,0.33643365
0.0,0.2709227
0.0,0.002139006
0.0,2.1390488e-06
0.0,0.25973767
1.0,0.9816126
0.0,0.054465912
0.0,0.003738932
0.0,0.9882366
0.0,0.8428336
0.0,0.20255817
0.0,0.08073578
0.0,0.63933194
0.0,0.30487442
0.0,0.000105202
0.0,0.9854278
0.0,0.00013161672
0.0,0.011084406
0.0,0.5756117
0.0,0.09022967
0.0,4.912904e-06
0.0,0.19316354
0.0,0.24988668
0.0,0.94698304
0.0,0.21229663
1.0,0.7381475
0.0,0.42555615
0.0,2.685901e-05
0.0,0.00013342204
0.0,0.97091436
0.0,0.0019786526
0.0,0.10826411
0.0,0.9411164
0.0,0.0041353484
0.0,0.0007809968
0.0,0.10266554
0.0,4.2740743e-05
0.0,0.005956733
0.0,0.5930344
0.0,0.2653539
0.0,0.017737893
0.0,0.30850434
0.0,0.023895526
1.0,0.9235288
0.0,0.00014094247
0.0,0.0014460048
1.0,0.9525834
0.0,0.0073522828
0.0,0.62350506
0.0,0.12345816
0.0,0.017276958
1.0,0.98573005
1.0,0.6506991
0.0,0.011418807
0.0,0.00054071256
0.0,0.000100871825
0.0,0.7350594
0.0,0.0008034372
0.0,0.29640758
0.0,3.784242e-05
0.0,0.02568516
0.0,0.00023233879
0.0,0.83804035
0.0,0.0023190074
0.0,0.9959021
0.0,0.80404866
0.0,9.3316354e-05
0.0,0.021743637
0.0,0.0081876535
0.0,0.95322305
0.0,0.98571867
0.0,0.29569316
0.0,0.09055266
0.0,5.599455e-05
0.0,0.13325308
0.0,0.047573697
0.0,0.00049914117
0.0,0.13684238
0.0,0.00071178295
0.0,0.004112807
0.0,0.012188804
0.0,0.0059863115
0.0,1.1638556e-05
0.0,0.044800837
0.0,0.0011049139
0.0,0.14475408
0.0,3.099872e-05
0.0,5.005419e-08
0.0,0.7264957
1.0,0.53994495
0.0,0.030874304
0.0,1.0571882e-05
0.0,0.004191391
0.0,0.0016639131
0.0,0.03753204
0.0,0.00015553265
0.0,0.0026564077
0.0,0.97470605
0.0,3.4240267e-05
1.0,0.27160963
0.0,0.031104397
0.0,0.005306579
1.0,0.98434144
0.0,0.9383652
0.0,0.19322827
0.0,4.085143e-05
1.0,6.5270007e-07
1.0,0.9996979
0.0,0.0010580583
0.0,0.09959428
1.0,0.56108236
0.0,0.12808087
0.0,0.11650508
0.0,0.00043255746
0.0,0.31923133
1.0,0.7737636
0.0,0.033890504
0.0,0.095500894
0.0,1.0661801e-05
0.0,0.39781547
0.0,0.00068189076
0.0,3.050244e-06
0.0,0.14249486
0.0,0.02100923
0.0,2.703169e-05
0.0,0.2051971
0.0,0.80429417
0.0,0.0028239016
1.0,0.9845941
0.0,0.18959111
0.0,0.007545663
0.0,0.0005879091
1.0,0.94777244
0.0,0.45962244
0.0,0.6462147
0.0,0.115127474
0.0,0.012468862
0.0,0.08023271
1.0,0.9919544
0.0,0.116121784
0.0,0.18286593
0.0,0.3950828
0.0,0.0064631742
1.0,0.9838974
1.0,0.92735505
0.0,0.0001315166
0.0,5.6335225e-06
0.0,0.0019528405
0.0,0.00038053936
0.0,1.47887395e-05
0.0,0.00017479148
0.0,0.00016517755
1.0,0.5563164
1.0,0.76161593
0.0,0.2741469
0.0,0.10324032
0.0,0.17672437
0.0,0.43083608
0.0,0.0013809169
0.0,0.36355895
1.0,0.9999008
0.0,0.62810975
0.0,0.006694411
0.0,0.0009173489
0.0,1.3599978e-06
0.0,0.5422856
0.0,0.29751918
0.0,0.518682
0.0,0.0032634467
0.0,0.5230808
0.0,0.31584942
0.0,0.5897342
0.0,0.03499379
0.0,0.5157523
0.0,0.23180316
0.0,0.3971559
0.0,0.81792176
0.0,0.0694543
1.0,0.9855478
0.0,0.00018052907
1.0,0.9742433
0.0,0.19791093
0.0,0.7152993
0.0,0.00045708235
0.0,0.02250187
0.0,0.98732215
0.0,0.00070009334
0.0,0.3452825
0.0,0.4091746
0.0,0.00054819207
0.0,0.638118
1.0,0.9956535
0.0,3.03367e-05
0.0,0.9838859
0.0,6.619011e-05
0.0,0.43732968
0.0,0.97228056
0.0,0.22854498
0.0,0.00032311594
1.0,0.9089209
0.0,0.7067635
1.0,0.095069855
0.0,0.12083986
0.0,0.0462881
1.0,0.98768926
1.0,0.8673776
0.0,4.5198383e-05
0.0,0.0001769787
0.0,0.90341765
0.0,0.002284951
0.0,0.00037478062
0.0,0.2372447
1.0,0.9728706
0.0,0.009688358
0.0,3.15653e-05
0.0,0.61686355
0.0,0.054386564
0.0,0.0029181605
0.0,0.00064676645
1.0,0.9880961
0.0,0.0045422614
0.0,0.8288019
0.0,0.5090629
0.0,0.17557105
0.0,0.0011518641
0.0,0.96911365
0.0,0.0018722507
1.0,0.9370121
0.0,0.54191464
0.0,0.62922984
0.0,7.3668154e-05
0.0,0.11237728
0.0,0.536443
0.0,0.3395844
1.0,0.9274466
0.0,0.1696936
0.0,0.1257531
0.0,0.7921208
0.0,0.88873756
0.0,0.4408309
1.0,0.9302356
0.0,0.00015429642
1.0,0.8337102
0.0,1.125115e-05
1.0,0.98043835
0.0,0.00017523172
1.0,0.900423
0.0,0.3942661
0.0,2.7397757e-05
0.0,0.0008503675
0.0,0.0006810091
1.0,0.9391538
0.0,0.80226076
1.0,0.900035
0.0,0.20449263
1.0,0.94106054
0.0,0.11713228
0.0,0.0012381426
0.0,0.06997477
0.0,0.32387066
0.0,0.79786336
0.0,0.052438248
0.0,0.88311857
0.0,0.97741777
0.0,0.013956931
0.0,0.20909332
0.0,0.9224155
0.0,0.56082857
0.0,0.77287114
0.0,0.032851104
0.0,0.054217543
0.0,0.1584615
0.0,0.04247726
0.0,0.97903043
1.0,0.99469227
0.0,0.8563951
0.0,0.44818333
0.0,0.002853421
0.0,0.0025975867
1.0,0.9903386
0.0,0.03285734
0.0,0.9310067
0.0,0.011205159
0.0,0.99253887
0.0,0.03496087
0.0,0.0746175
0.0,0.68147945
0.0,0.22462
0.0,0.30851033
0.0,0.16426691
0.0,0.8442315
1.0,0.9717765
0.0,0.001428279
0.0,0.37613332
0.0,1.1554353e-05
1.0,0.9655227
0.0,0.7364848
0.0,0.0011476552
0.0,0.9432446
0.0,0.0053678537
0.0,0.9347898
0.0,0.07728301
0.0,0.36539727
0.0,0.63207126
0.0,0.98561585
0.0,2.510152e-05
0.0,4.0274226e-05
0.0,3.2812637e-05
0.0,3.6009482e-05
0.0,0.44917524
0.0,8.929889e-06
0.0,0.02613914
0.0,0.014740451
0.0,0.6852515
0.0,0.3557907
0.0,0.5713293
1.0,0.72087514
0.0,1.4877044e-06
1.0,0.9537766
0.0,0.33540988
0.0,0.0007474405
0.0,0.027037622
0.0,0.0034250536
0.0,0.00054236274
0.0,0.88863975
0.0,0.27242306
0.0,0.6771683
0.0,7.73624e-05
0.0,0.69375145
1.0,0.9927617
1.0,0.78768283
0.0,0.0016410883
0.0,0.00032519145
1.0,0.0024991836
0.0,0.00024051075
0.0,1.6388563e-05
0.0,0.98809576
1.0,0.9134928
0.0,0.9641615
0.0,0.020101903
0.0,2.9073735e-05
1.0,0.67515796
0.0,9.690633e-06
0.0,0.9735214
1.0,0.07556345
0.0,0.986834
1.0,0.58910453
0.0,0.16938382
0.0,0.26333794
0.0,0.66076213
0.0,0.083989054
0.0,0.075542256
0.0,0.005462595
0.0,0.0068087988
0.0,0.70582384
0.0,0.00054228364
0.0,0.0584206
0.0,0.42156172
0.0,0.5765884
0.0,0.109290525
0.0,0.3579239
0.0,0.06934744
0.0,0.022750126
0.0,0.05572046
0.0,0.34350094
0.0,0.09900606
0.0,0.092091896
0.0,0.7246011
1.0,0.950618
0.0,0.028988196
1.0,0.9034391
0.0,0.09571467
0.0,0.00012128879
0.0,0.21239851
1.0,0.92962193
1.0,0.913282
0.0,0.12538074
0.0,0.14418936
0.0,0.08603158
0.0,0.97468364
0.0,0.026714781
0.0,4.0414443e-06
1.0,0.913903
0.0,0.0016986082
1.0,0.99399996
1.0,0.64926916
0.0,0.28675377
1.0,0.9885019
0.0,5.1291727e-06
0.0,0.29018068
0.0,0.58592784
0.0,0.26740688
0.0,0.50712687
1.0,0.999828
0.0,0.9933114
1.0,0.6092968
0.0,0.8490801
0.0,0.089318156
0.0,0.0006654914
0.0,0.025514832
0.0,0.3404701
0.0,0.0072737047
0.0,0.024585761
0.0,0.82123864
0.0,0.16649377
0.0,0.007896645
0.0,0.048073765
0.0,0.7447738
0.0,0.9844721
0.0,3.3370397e-05
0.0,0.5184929
0.0,0.622705
0.0,0.6994713
0.0,0.113991685
0.0,0.2015911
1.0,0.39615095
0.0,0.00010065956
0.0,7.9111785e-05
0.0,0.06026206
0.0,0.00120894
0.0,0.042820644
1.0,0.5888914
0.0,0.9281102
0.0,1.8808681e-05
0.0,0.010486602
0.0,0.005638071
0.0,0.0022966755
0.0,0.19973513
1.0,0.9957415
0.0,0.27664116
0.0,0.0012048733
0.0,0.2571734
1.0,0.74843264
0.0,4.6835467e-08
0.0,0.0017324892
0.0,1.554237e-05
0.0,0.36706293
0.0,0.11021042
0.0,0.0004621104
1.0,0.9013909
0.0,0.7705179
0.0,0.00026889425
0.0,0.7883491
0.0,3.343784e-05
0.0,0.0011649261
0.0,0.0013644542
0.0,0.9980165
0.0,0.0015431423
0.0,0.008344056
0.0,0.0007395454
1.0,0.9802304
0.0,0.01832699
0.0,9.522467e-05
0.0,0.026189547
0.0,0.919304
0.0,0.17308639
0.0,0.0071818745
1.0,0.92526734
0.0,0.0060593626
1.0,0.98672014
0.0,0.11827321
0.0,0.0013466855
0.0,0.003488488
0.0,2.0703132e-05
0.0,0.084753305
0.0,2.0830474e-05
1.0,0.79689986
0.0,0.72852653
0.0,9.988163e-05
0.0,4.070401e-05
0.0,0.00011343452
0.0,0.15576677
0.0,0.00026996285
0.0,0.54551786
0.0,4.8132973e-05
1.0,0.9668053
0.0,3.8328806e-05
0.0,0.6227976
0.0,0.03728591
0.0,0.6684903
0.0,0.6382924
0.0,0.2605987
0.0,0.005296777
0.0,0.003715711
0.0,0.13104308
0.0,0.0001030235
0.0,0.47399965
0.0,0.96443397
0.0,9.2162345e-06
0.0,0.00017031613
0.0,0.5668418
0.0,0.14474489
1.0,0.9870308
1.0,0.65894204
0.0,1.717086e-05
0.0,0.0010221973
0.0,0.2498963
0.0,0.15714906
0.0,0.18606128
0.0,0.0023395214
0.0,0.21158037
1.0,0.8148638
0.0,0.38744813
0.0,0.110854134
1.0,0.85514927
0.0,0.0004337024
0.0,0.88210696
0.0,0.7000977
0.0,0.00034757087
0.0,0.023866573
0.0,0.113326706
0.0,0.30625197
0.0,0.021183463
1.0,0.5492628
1.0,0.95997584
0.0,0.0011441115
0.0,4.417411e-06
0.0,0.9396742
0.0,0.003014743
0.0,0.58592784
0.0,0.18591624
1.0,0.84895164
0.0,0.00020894424
0.0,0.23108664
0.0,0.00011083881
0.0,0.7416992
0.0,8.476996e-05
1.0,0.7660272
0.0,0.010948656
1.0,0.06371104
1.0,0.16844538
0.0,0.00015425083
0.0,0.15497762
0.0,0.9364122
1.0,0.88325423
0.0,0.5927899
0.0,0.06408808
1.0,0.41266808
0.0,0.028917952
0.0,0.9555392
0.0,7.705479e-05
0.0,0.0002552903
0.0,0.52266765
0.0,0.005340289
0.0,0.9033668
0.0,6.7129426e-05
1.0,0.9781073
0.0,0.00030838008
0.0,8.409614e-05
0.0,0.17177683
0.0,0.48154837
0.0,0.016188763
0.0,0.0017172006
0.0,0.19019742
1.0,0.9871296
0.0,5.5245102e-05
0.0,0.0051964456
0.0,0.92476183
0.0,0.0008157363
0.0,0.051969513
0.0,0.00017521033
0.0,4.6959767e-06
0.0,0.57668805
1.0,0.88413805
0.0,0.7290406
1.0,0.9962759
0.0,0.076007575
0.0,0.54833585
0.0,0.015387548
0.0,0.8579553
0.0,0.98345643
0.0,0.0008485985
0.0,0.023268916
1.0,0.9895964
0.0,0.033877563
0.0,0.73008037
0.0,0.008752178
0.0,0.11472701
0.0,0.27873385
0.0,8.733427e-05
0.0,0.95235157
0.0,0.2992667
0.0,0.81089526
0.0,0.24910355
0.0,0.35733086
0.0,0.5224173
0.0,0.0004837907
0.0,0.65407413
1.0,0.9767333
0.0,1.0843432e-05
0.0,0.0005940161
0.0,2.4880192e-05
0.0,1.35023265e-05
0.0,0.07670962
0.0,0.005741902
0.0,0.06685641
0.0,1.1781459e-06
0.0,0.8289759
0.0,0.034835983
1.0,0.805906
0.0,0.82186866
0.0,3.823028e-05
0.0,0.00018527466
0.0,0.0028435546
0.0,6.2589155e-05
1.0,0.9360331
0.0,0.49189746
0.0,0.8446697
0.0,8.726701e-05
0.0,3.218629e-05
0.0,0.67612684
0.0,2.3779256e-05
1.0,0.99277025
0.0,0.0028262322
0.0,0.7545594
1.0,0.84118396
0.0,0.45539337
1.0,0.9957082
0.0,9.2322116e-05
0.0,0.013652911
0.0,0.74065536
0.0,0.0670406
0.0,0.842131
0.0,0.029288856
0.0,0.00047432343
0.0,0.087778114
0.0,0.000110570785
0.0,4.769784e-05
0.0,0.38924125
0.0,5.6812532e-05
1.0,0.5253979
1.0,0.9577784
0.0,0.08289437
0.0,0.8719887
1.0,0.5033805
1.0,0.99753064
0.0,0.005250564
1.0,0.9876702
0.0,0.00089878205
0.0,7.103125e-05
0.0,0.04438876
0.0,0.52266717
0.0,0.012240756
1.0,0.59076226
0.0,0.00038146717
0.0,0.53721935
0.0,0.12093481
0.0,0.22615461
0.0,0.4153661
0.0,0.016429458
0.0,0.056118544
0.0,0.013386399
1.0,0.95875
1.0,0.97059524
0.0,0.017767677
0.0,0.62554634
0.0,0.21872857
1.0,0.95556056
0.0,0.02623878
0.0,0.010564152
0.0,0.47653157
0.0,0.10814999
0.0,0.5890594
1.0,0.9971148
0.0,0.15899578
0.0,0.87886703
0.0,0.006715373
0.0,0.085052244
1.0,0.87434524
0.0,0.003039486
0.0,0.25421324
0.0,0.021167323
0.0,0.00501447
0.0,0.7630437
0.0,0.4336655
0.0,0.9451119
0.0,0.0052793953
0.0,0.006467435
0.0,0.18710102
0.0,0.8135812
0.0,0.25345758
0.0,0.00041506306
0.0,0.00031349476
0.0,1.5069262e-05
0.0,1.1140823e-05
0.0,0.44439387
0.0,0.36509278
0.0,0.15941839
0.0,0.018831495
0.0,0.05573631
0.0,0.31070596
0.0,0.03504649
0.0,0.79265565
0.0,0.02877575
0.0,9.42553e-05
1.0,0.98709434
0.0,0.014187116
0.0,0.9991922
0.0,0.10314885
1.0,0.85361034
0.0,0.0018874463
0.0,0.07216434
0.0,7.805303e-05
0.0,0.42742828
0.0,0.055277027
0.0,0.0024224953
0.0,0.00156487
0.0,0.0045400644
0.0,0.2089223
1.0,0.7753218
0.0,4.369006e-05
0.0,0.23598474
0.0,0.16095307
0.0,0.00035828564
0.0,0.9463119
0.0,0.04019435
0.0,0.0008597079
0.0,0.00018834669
0.0,0.004311772
0.0,0.02018265
0.0,0.11490858
0.0,0.08597294
0.0,0.31896535
1.0,0.85812426
0.0,0.4378736
0.0,6.6629054e-06
0.0,1.6506941e-05
0.0,0.9475442
0.0,0.0044844914
1.0,0.9416516
0.0,0.25630108
0.0,0.9291249
0.0,0.000119660406
0.0,0.013308087
0.0,0.0025827214
0.0,0.7115224
0.0,0.96724164
0.0,0.0217363
0.0,0.059486695
0.0,8.560137e-05
1.0,0.8691057
0.0,0.0012815204
0.0,0.00022929345
1.0,0.55189234
0.0,0.29257694
0.0,0.029437507
0.0,0.16398674
0.0,0.05472086
1.0,0.7153274
0.0,0.42060423
0.0,0.00019697493
0.0,2.3669321e-05
1.0,0.984686
0.0,0.0002684744
0.0,0.9589405
0.0,0.002616002
0.0,0.9032946
0.0,0.48574087
0.0,3.2658914e-05
1.0,0.9914419
0.0,0.00058441615
1.0,0.23186877
0.0,4.5670302e-05
0.0,0.0010065822
0.0,0.17664413
0.0,0.5641981
0.0,0.75010294
0.0,0.07640519
0.0,0.006280771
0.0,0.23635828
0.0,0.9320255
1.0,0.0024668833
0.0,0.85637444
0.0,0.00063322106
0.0,0.76833797
0.0,0.31853423
0.0,0.0031200752
0.0,0.05856489
0.0,0.011950548
0.0,1.675686e-05
0.0,0.6739484
0.0,0.61739266
0.0,0.8475463
0.0,0.124501795
0.0,0.46645275
0.0,0.00025588003
0.0,0.0017696712
0.0,8.508089e-07
0.0,0.024211552
0.0,0.3549686
1.0,0.98729646
0.0,0.00050358707
1.0,0.9416643
0.0,3.299303e-07
0.0,0.055874296
1.0,0.58592784
0.0,0.61676717
0.0,0.19397333
0.0,0.5587803
0.0,0.48241043
0.0,0.2378656
0.0,0.00034186276
0.0,0.84453815
0.0,0.13303255
0.0,0.53797615
0.0,0.09181586
0.0,0.0556698
0.0,0.00022808395
0.0,0.047248285
1.0,0.64793926
0.0,0.70015365
0.0,0.20557895
0.0,3.612467e-05
0.0,0.9628299
0.0,0.3266331
0.0,0.027920153
0.0,0.00056610466
0.0,1.7585612e-06
1.0,0.99727255
0.0,0.00856528
1.0,0.8735201
1.0,0.8853472
0.0,0.061569538
0.0,0.008923799
0.0,0.06704428
0.0,0.43317318
0.0,0.009336155
0.0,0.031500224
1.0,0.72595304
0.0,1.0154549e-06
0.0,0.07764745
0.0,6.680986e-05
1.0,0.93485874
0.0,0.24003737
0.0,0.0006688553
0.0,0.0035150256
0.0,0.017065102
0.0,0.00014798064
0.0,0.17926046
0.0,0.06590427
1.0,0.98031116
0.0,0.009994241
0.0,0.008410018
0.0,0.58592784
0.0,0.0018270462
0.0,0.33315617
1.0,0.7169795
0.0,0.013951425
0.0,0.81523246
0.0,0.7025402
0.0,0.638316
0.0,1.9169733e-05
0.0,0.022138845
0.0,0.0561758
0.0,0.39322168
0.0,0.0019382124
0.0,8.126816e-05
0.0,0.00062454713
0.0,0.59299064
0.0,5.6910463e-05
0.0,0.22839254
0.0,0.00070829305
1.0,0.99860555
0.0,0.91080266
0.0,0.0016123174
0.0,0.00016195684
0.0,0.12324069
0.0,0.00022836338
0.0,0.98543197
0.0,4.2205455e-05
0.0,0.197382
0.0,4.670759e-06
0.0,0.00029365576
0.0,0.0061562792
0.0,0.7415934
0.0,0.0017937125
0.0,0.9877324
0.0,5.735863e-06
0.0,0.000101228645
0.0,1.784482e-06
0.0,0.86352926
0.0,7.4656924e-07
0.0,0.06833831
1.0,0.9962883
1.0,0.9820747
0.0,1.638758e-05
0.0,0.29604238
0.0,0.26732102
0.0,0.17618325
0.0,0.0006803705
0.0,0.8070767
0.0,0.4543128
0.0,4.3105506e-06
0.0,0.58766866
0.0,0.034839757
0.0,0.052103586
0.0,7.062291e-06
1.0,0.97573924
1.0,0.25620377
0.0,0.25347334
0.0,0.018995795
0.0,0.0004302461
0.0,0.030734329
0.0,0.0017942146
0.0,3.5023855e-05
0.0,0.00716291
0.0,0.90724874
0.0,0.019439021
0.0,0.9082687
0.0,0.59612715
1.0,0.028449835
0.0,1.988222e-11
0.0,0.0042528943
1.0,0.834598
0.0,0.60308903
1.0,0.99533147
0.0,0.001068062
0.0,0.5053476
0.0,0.2822159
0.0,0.943433
0.0,0.00012518618
0.0,0.53954047
1.0,0.9862673
0.0,0.27877483
0.0,0.031967886
0.0,0.07372373
0.0,0.96535414
0.0,0.60294724
0.0,0.7212736
0.0,0.6850268
1.0,0.9044123
0.0,0.007971771
0.0,8.1811095e-06
0.0,0.5198644
0.0,6.28904e-05
0.0,2.5931868e-05
0.0,0.16826388
0.0,0.0013860725
0.0,0.0045468197
0.0,0.6527832
0.0,2.4561952e-05
0.0,0.017884072
0.0,0.46125942
0.0,0.6392572
0.0,0.73916084
0.0,0.5241465
0.0,0.0019327914
1.0,0.9743697
0.0,0.0049031456
0.0,0.7812509
0.0,0.0002493573
0.0,0.27417094
0.0,0.7098551
0.0,0.03721674
0.0,0.0068719774
0.0,9.880408e-05
0.0,0.035405755
0.0,0.0017880269
0.0,0.16270803
0.0,0.0006473609
0.0,0.2379113
1.0,0.9392079
0.0,0.86891806
0.0,0.28149348
0.0,0.80996037
0.0,0.31699702
0.0,0.0019042008
0.0,0.104875185
0.0,0.0005420537
0.0,0.0009849651
0.0,0.8546275
0.0,0.8227184
0.0,0.0008787681
0.0,0.93954414
0.0,0.030190947
0.0,0.8685786
0.0,0.0009474349
0.0,0.014187937
0.0,0.06895118
0.0,6.6438893e-06
1.0,0.460481
0.0,0.8734575
1.0,0.27035505
0.0,0.30464014
1.0,0.70095634
0.0,0.3460916
0.0,0.0004160915
0.0,0.7841249
1.0,0.731211
0.0,0.9200074
0.0,0.9902208
0.0,0.95015204
0.0,0.8448237
0.0,0.06851806
1.0,0.571437
0.0,0.003053958
0.0,2.5768135e-05
1.0,0.43593293
0.0,0.96645755
0.0,2.7081592e-06
1.0,0.9647964
0.0,0.000218064
0.0,0.91247904
1.0,0.5778291
0.0,0.8408974
0.0,0.32470554
0.0,0.14016747
0.0,3.511522e-05
0.0,0.004619097
0.0,0.669997
0.0,1.5388674e-05
0.0,0.045228273
0.0,0.14564216
1.0,0.95393664
0.0,0.027611084
0.0,0.5130356
0.0,3.6503105e-05
1.0,0.95922875
0.0,3.6438243e-05
0.0,0.007599731
0.0,1.6023898e-05
0.0,0.013125429
0.0,0.27275553
0.0,0.8052372
0.0,0.31455195
0.0,0.0013381303
0.0,0.8761599
0.0,0.021163177
0.0,0.29879642
0.0,8.308984e-05
1.0,0.870343
0.0,2.2594643e-06
0.0,0.0008945632
0.0,0.0010079847
0.0,0.5865714
0.0,0.14681451
0.0,0.887098
0.0,0.57902116
0.0,0.28015518
1.0,0.97902507
0.0,5.5839006e-05
0.0,0.0005989867
0.0,1.8086783e-05
0.0,0.4898503
0.0,0.99327093
0.0,0.06051821
0.0,0.0021256986
1.0,0.80892044
0.0,0.33081695
0.0,0.16322273
0.0,0.06095703
0.0,0.14675708
0.0,0.072931655
0.0,0.0019672988
0.0,0.012586068
0.0,0.7075857
0.0,0.42516258
0.0,0.004972125
0.0,0.004879646
0.0,0.83112895
0.0,0.33902282
0.0,0.018508054
1.0,0.79697317
0.0,0.008978544
0.0,0.17138588
1.0,0.96464336
0.0,0.013009202
0.0,0.01781086
0.0,0.14713141
0.0,0.44951645
0.0,0.00015602639
0.0,0.011466926
1.0,0.99077785
0.0,0.04203013
0.0,0.067836985
0.0,9.834216e-05
1.0,0.99767023
0.0,0.9698775
0.0,0.0063786246
0.0,9.027247e-05
0.0,0.00012956113
0.0,0.67330784
0.0,0.46815035
0.0,0.8562428
0.0,0.76566535
0.0,0.56974536
0.0,1.2581044e-06
0.0,0.017999725
0.0,0.036545653
0.0,0.71741396
0.0,0.24817456
0.0,0.00051870756
1.0,0.8602303
0.0,0.53356844
0.0,0.00027538856
0.0,0.40763888
0.0,0.051659964
0.0,0.7244067
0.0,0.15863934
0.0,0.1981756
0.0,0.022364806
0.0,0.63273317
0.0,0.061590303
0.0,0.27525085
0.0,0.13682565
0.0,0.868601
0.0,0.0023890792
0.0,0.001853032
0.0,0.0077971746
0.0,0.040405158
0.0,2.4549308e-05
0.0,0.20913702
0.0,0.009401467
0.0,0.7713841
0.0,0.90131587
0.0,0.001789705
1.0,0.99374855
0.0,0.004113489
0.0,0.00013985408
0.0,0.1571545
0.0,0.08171239
0.0,0.20744176
1.0,0.83744717
0.0,0.00070436497
0.0,0.07216483
1.0,0.9643508
0.0,0.57146335
0.0,0.055444907
0.0,0.015933039
0.0,1.3197376e-05
0.0,0.7825455
0.0,0.001148721
0.0,0.00043988673
1.0,0.23581165
0.0,0.94426864
0.0,0.7368626
0.0,6.016223e-05
0.0,0.038830273
0.0,0.008624113
0.0,0.00019603326
0.0,0.17931674
0.0,0.0022761803
0.0,0.00036885132
0.0,0.19362006
0.0,2.9692445e-05
1.0,0.9797411
0.0,0.25915423
0.0,0.006247814
0.0,0.006130554
0.0,0.50299394
0.0,0.70952755
1.0,0.91954195
0.0,0.837756
0.0,0.650235
1.0,0.98536927
0.0,0.994083
1.0,0.7618033
0.0,0.00033311135
0.0,0.026416026
1.0,0.92431015
0.0,0.0006338937
0.0,0.5785507
1.0,0.85074615
0.0,0.00080593233
0.0,0.00016355295
0.0,0.28328812
0.0,0.67029625
0.0,0.15218559
0.0,0.022270009
0.0,0.00051989796
0.0,0.05743849
0.0,0.6871387
0.0,6.4415656e-07
1.0,0.98383236
0.0,0.21728075
0.0,0.0016708751
0.0,0.71596
0.0,0.00016052194
0.0,0.06994145
0.0,0.00053065066
0.0,0.3006854
1.0,0.7806189
0.0,1.0259804e-05
0.0,0.75519204
1.0,0.9710027
0.0,0.75776756
0.0,0.93125695
0.0,0.0032615396
1.0,0.86350346
1.0,0.9699155
0.0,0.49038148
0.0,0.0006611103
0.0,0.09676561
0.0,0.7090278
0.0,0.20499747
0.0,0.039162956
1.0,0.9453497
0.0,0.05135625
0.0,4.7421723e-05
0.0,3.991242e-06
0.0,0.09678086
1.0,0.722115
0.0,0.038568288
0.0,2.692407e-06
0.0,0.023319645
0.0,0.38012302
1.0,0.930289
0.0,0.8771095
0.0,3.1531636e-05
0.0,0.74180865
0.0,0.010538683
0.0,0.013708296
0.0,0.6419104
0.0,0.00058298337
0.0,0.9058643
0.0,0.00011599576
0.0,0.017439011
0.0,0.002764568
1.0,0.9564552
0.0,0.0019884063
0.0,0.6722741
0.0,0.24509735
0.0,0.101154245
0.0,0.15109739
0.0,0.00051230285
0.0,0.48833576
1.0,0.08318761
0.0,0.033719312
0.0,0.6456469
0.0,0.14635512
0.0,0.0021396494
0.0,0.014137906
0.0,0.9416848
0.0,0.00012296092
0.0,0.3649433
1.0,0.8548939
0.0,3.709842e-06
0.0,0.3128051
0.0,0.37147263
0.0,0.026545485
0.0,0.8025338
0.0,0.09103006
0.0,0.040857717
0.0,0.60524154
1.0,0.8243901
0.0,0.02182515
0.0,0.6304031
0.0,0.56451964
0.0,0.0006106386
0.0,7.987323e-05
0.0,0.1940445
0.0,5.2757317e-05
0.0,0.00019960024
0.0,0.19581652
0.0,0.06859389
1.0,0.7030572
0.0,0.0020259714
0.0,0.68016344
0.0,0.031443488
0.0,0.69288945
0.0,0.22608157
0.0,0.2219802
0.0,0.5594568
1.0,0.47486296
0.0,0.4742885
0.0,0.00092920475
0.0,0.00013020789
0.0,0.94494843
0.0,1.666513e-05
0.0,2.5651623e-05
0.0,0.2727197
0.0,0.00058422546
0.0,0.004008294
0.0,0.43674558
0.0,1.240758e-05
0.0,0.00051495683
0.0,0.89084023
0.0,3.13364e-05
0.0,0.8155614
0.0,0.55134946
0.0,0.00726052
0.0,0.38968793
0.0,0.17217132
0.0,6.471571e-05
0.0,0.016203139
0.0,0.5828259
0.0,0.57971114
0.0,0.14326367
0.0,0.013718041
0.0,0.6758451
0.0,0.8576748
1.0,0.951296
0.0,0.00019370661
0.0,0.27300867
0.0,0.0006805339
0.0,0.060258403
1.0,0.95595014
0.0,0.00028697224
0.0,0.00020036392
1.0,0.9231304
0.0,0.0026858938
0.0,0.05128456
0.0,0.0099849235
0.0,0.16977432
0.0,0.00049762696
1.0,0.9983908
0.0,0.59424853
0.0,0.0009430247
0.0,0.003951849
0.0,0.83308566
0.0,0.033310328
1.0,0.93456274
0.0,0.008188731
0.0,0.81209046
0.0,0.00024293156
0.0,1.3034845e-05
1.0,0.9725515
0.0,0.055162515
0.0,0.4188442
0.0,0.002378412
0.0,6.6236076e-05
0.0,6.1695886e-05
0.0,0.008327245
1.0,0.99163294
0.0,0.15579613
0.0,0.079624064
0.0,0.0387561
0.0,0.00042329298
0.0,0.04216744
0.0,0.46246988
0.0,0.085106
0.0,0.02983023
0.0,0.5526917
0.0,0.0008290242
0.0,0.0020238908
0.0,5.7834684e-05
0.0,0.021166474
0.0,0.011312724
1.0,0.9960079
0.0,0.013118476
0.0,0.00071511755
0.0,0.00013323936
0.0,0.00015020203
0.0,0.009463955
0.0,0.00021688809
0.0,0.59575415
0.0,0.5383319
0.0,0.00030972634
0.0,0.0024096156
0.0,0.0014980279
0.0,0.7163128
0.0,0.7847509
0.0,0.49089098
0.0,0.4510433
0.0,0.02190986
0.0,0.0038584834
0.0,0.005118241
1.0,0.71221197
0.0,0.05319933
0.0,0.26331705
1.0,0.9930293
0.0,0.7108577
0.0,0.008645559
0.0,0.0020796184
0.0,6.040958e-07
0.0,0.28291544
0.0,0.009806969
0.0,0.13615358
0.0,0.68449223
0.0,0.56743807
0.0,0.00012952037
0.0,0.25009006
0.0,0.00032901653
0.0,0.0024712463
0.0,0.045772474
0.0,0.95783675
0.0,0.72627187
0.0,0.8783365
0.0,0.04503461
0.0,0.0005151044
0.0,0.20212719
0.0,0.6434219
0.0,0.00021588562
0.0,0.044831373
0.0,0.0003556437
0.0,0.0009143397
1.0,0.54572135
1.0,0.8316837
0.0,0.088303834
0.0,0.38063467
0.0,0.002831769
1.0,0.9028233
0.0,0.7144399
0.0,0.00015068159
0.0,5.922718e-05
0.0,4.4587305e-05
1.0,0.22161481
0.0,0.08122898
0.0,0.07582155
1.0,0.6434791
0.0,0.45816004
0.0,0.0014331596
0.0,0.818174
0.0,0.05334645
0.0,3.5007426e-05
0.0,0.74902433
0.0,0.06307695
0.0,0.052464228
0.0,0.82700306
0.0,0.28645122
0.0,0.0006318713
0.0,0.5608344
0.0,8.1359985e-06
0.0,0.098153375
0.0,0.24114096
0.0,0.839233
0.0,0.00018975216
0.0,0.0020868478
0.0,0.6947093
0.0,0.029226106
1.0,0.9904157
0.0,0.00012675021
1.0,0.5224116
0.0,9.671146e-05
0.0,0.042945296
1.0,0.9032498
0.0,0.7611763
0.0,0.0042062723
0.0,0.00074100186
0.0,0.0022473137
1.0,0.9969319
0.0,0.8176797
1.0,0.9782137
0.0,0.61544496
0.0,0.89482695
0.0,0.31725362
0.0,0.01889286
0.0,6.257471e-05
0.0,0.016252443
0.0,2.2530478e-06
0.0,0.588034
0.0,0.5905028
0.0,4.5981058e-05
0.0,8.542749e-07
0.0,0.17222275
0.0,9.9212695e-05
0.0,2.4351717e-05
1.0,0.93352634
0.0,0.4158117
0.0,0.03222106
0.0,0.0027801753
0.0,0.055926614
0.0,0.06665789
0.0,0.0012557183
0.0,0.00081434334
0.0,0.08138177
0.0,0.29167962
0.0,0.0019814058
0.0,0.00037108109
0.0,0.0006160426
0.0,0.00011816953
0.0,4.119185e-05
1.0,0.99842083
0.0,0.0012967002
0.0,7.7159566e-05
0.0,0.9772929
0.0,0.32517967
0.0,0.06298902
0.0,0.006318447
0.0,0.7516387
0.0,0.24736018
0.0,0.8991499
0.0,0.0014764011
0.0,0.13791649
0.0,0.59969646
0.0,0.45984468
0.0,0.08547178
0.0,0.12619546
0.0,0.050184406
0.0,0.000105495645
0.0,0.19009016
0.0,0.59812206
0.0,0.7042706
0.0,0.870053
1.0,0.8935361
0.0,0.009110894
1.0,0.9929341
0.0,0.5775256
0.0,0.24473028
0.0,0.531237
0.0,5.6464858e-05
0.0,3.1781484e-09
0.0,0.62009805
0.0,0.15212022
0.0,0.0017354904
0.0,0.92439437
0.0,0.19549271
0.0,0.1631556
0.0,1.4991843e-05
0.0,0.0032833742
0.0,0.0006027783
0.0,1.0719312e-05
1.0,0.9639177
0.0,0.59870017
0.0,0.00014651983
1.0,0.8581607
0.0,2.6293028e-06
0.0,0.0043466617
0.0,0.5632893
0.0,0.3828226
0.0,0.014355924
0.0,0.25296414
0.0,0.0116383685
0.0,0.99774927
0.0,0.39327142
0.0,0.05334813
0.0,8.603795e-06
0.0,0.0035976393
0.0,0.00023579701
0.0,2.467462e-05
1.0,0.9702946
0.0,0.9058743
0.0,0.0020647862
0.0,0.00044712165
0.0,2.770666e-06
0.0,0.22684386
0.0,0.023378408
1.0,0.4638151
0.0,0.00026153494
0.0,0.21597484
0.0,0.0828098
0.0,0.98396367
0.0,9.229193e-05
0.0,2.875605e-05
0.0,0.00085108454
0.0,0.053120364
0.0,0.04839525
0.0,0.01778832
0.0,0.9151405
0.0,0.00092754455
0.0,0.00024948976
1.0,0.93485093
0.0,0.19430666
0.0,0.00013131398
0.0,8.186526e-06
0.0,0.0025651813
0.0,0.883704
0.0,0.6597795
0.0,0.6742194
0.0,0.40977123
1.0,0.9588848
0.0,5.956111e-07
1.0,0.91019064
0.0,3.951864e-05
0.0,0.003519528
0.0,0.82788616
1.0,0.79081213
0.0,0.14335808
0.0,0.95677215
0.0,0.00029542798
1.0,0.80301917
0.0,0.093205616
0.0,0.8094459
0.0,6.9974353e-06
0.0,0.9004628
0.0,0.014415711
1.0,0.71355444
0.0,6.017251e-06
0.0,3.1420816e-06
0.0,0.04376372
1.0,0.98144525
0.0,0.22434871
0.0,0.9723309
0.0,0.00014872952
0.0,0.43746224
0.0,0.2307142
0.0,0.88718814
1.0,0.8699269
0.0,0.649258
0.0,0.008581404
1.0,0.9932521
0.0,0.6194475
0.0,0.1082306
0.0,7.0844755e-05
0.0,0.00010753019
0.0,2.1388578e-05
0.0,0.05411794
0.0,0.15884955
0.0,0.017871087
0.0,0.12635738
0.0,3.0539145e-06
0.0,0.010910058
0.0,0.90869945
1.0,0.5920997
0.0,0.98530364
0.0,0.011506955
0.0,0.9442776
0.0,0.03839011
0.0,0.01374139
0.0,0.7167895
0.0,0.0032098102
1.0,0.9842939
0.0,0.029598342
0.0,0.13845757
0.0,0.092317075
1.0,0.8964044
0.0,0.025547924
0.0,0.0003779262
1.0,0.9541002
1.0,0.045275696
0.0,4.9334216e-05
0.0,0.49343187
0.0,0.7757357
0.0,0.0043090764
0.0,7.2556622e-06
0.0,0.00051333004
0.0,0.0007297495
1.0,0.8964184
1.0,0.97233385
0.0,0.0040052626
0.0,0.58592784
0.0,0.0050998568
0.0,0.00038802452
0.0,7.430639e-05
0.0,0.5699924
0.0,0.00021592328
0.0,0.014076473
0.0,0.10234536
0.0,0.0017857882
0.0,0.0036328714
0.0,6.7839405e-06
0.0,0.022549557
0.0,1.0487842e-05
1.0,0.94414634
0.0,0.048833057
0.0,2.28991e-05
0.0,0.27876264
0.0,0.03065447
1.0,0.67271924
0.0,3.9423296e-05
0.0,0.04715743
0.0,0.58592784
0.0,0.00014564575
0.0,0.6473083
0.0,0.41598836
0.0,0.81445557
0.0,2.450373e-07
0.0,0.08696751
1.0,0.9514133
1.0,0.5320801
0.0,0.20118873
0.0,0.36363456
0.0,0.21180572
0.0,0.47336024
0.0,0.7800706
0.0,0.09472676
0.0,0.032916702
0.0,0.00019258543
0.0,0.040023014
0.0,0.045515347
0.0,0.23082957
0.0,0.07372241
1.0,0.94228995
0.0,0.24740906
0.0,0.13258713
0.0,0.897642
0.0,0.2846502
0.0,0.2405851
0.0,0.017519929
0.0,0.99596065
0.0,0.08779452
1.0,0.9547325
0.0,0.00023246706
0.0,0.6109436
0.0,0.05868631
0.0,0.36600423
0.0,0.66324914
0.0,0.15725204
0.0,0.000100160236
0.0,0.86576915
0.0,0.09109618
0.0,0.46903005
1.0,0.8956151
0.0,8.668042e-06
0.0,0.4032735
0.0,0.373287
0.0,0.00011702051
0.0,0.3147609
0.0,0.24117209
0.0,0.012523957
0.0,0.6924325
0.0,0.008317217
0.0,0.9912401
0.0,0.69887286
0.0,0.025225606
1.0,0.42161483
1.0,0.98697644
0.0,0.13134056
1.0,0.6268778
0.0,0.03724053
0.0,0.83439386
0.0,0.680907
0.0,0.010103378
0.0,0.7563336
0.0,0.43974316
0.0,0.9299116
0.0,0.09843083
0.0,1.24872895e-05
1.0,0.95061296
0.0,0.00040680496
0.0,0.0021976086
0.0,0.08573103
0.0,0.00025955142
1.0,0.9909815
0.0,0.018761167
0.0,0.03118688
0.0,0.018700002
0.0,0.0014801049
0.0,0.2830003
0.0,0.12479849
0.0,0.2221757
0.0,0.02901803
0.0,0.00040435718
0.0,0.6396059
0.0,0.00023786513
0.0,0.21455237
0.0,0.3091067
0.0,0.51626265
1.0,0.99984074
0.0,0.9972971
0.0,0.989303
0.0,3.5847006e-05
0.0,0.058295872
0.0,0.00031080958
0.0,0.5374626
0.0,0.62279725
0.0,0.00043062502
0.0,0.22704849
0.0,0.44255182
0.0,0.58592784
0.0,0.9606062
0.0,9.795125e-05
0.0,0.07511968
0.0,0.00088262605
0.0,0.0036599492
0.0,0.031327467
0.0,0.8169498
0.0,0.037075512
0.0,1.6594257e-05
0.0,0.47156885
0.0,0.00071679737
0.0,4.964229e-05
0.0,0.098422766
0.0,0.12134879
0.0,0.9893443
1.0,0.7348272
1.0,0.98589385
0.0,0.01406269
1.0,0.9682235
1.0,0.88348085
0.0,0.0808251
0.0,0.07950341
0.0,0.5511844
0.0,0.0066137356
0.0,0.00929952
0.0,0.92542064
0.0,0.6755964
1.0,0.8250102
0.0,0.00028937683
0.0,0.10223423
1.0,0.96401215
1.0,0.74152964
0.0,0.5050727
0.0,0.75001025
0.0,0.0003357263
1.0,0.99069124
0.0,2.8936594e-05
1.0,0.9808828
0.0,0.92336273
0.0,0.06523977
0.0,0.16758347
1.0,0.9132394
0.0,0.000683349
0.0,0.35554644
0.0,0.07374482
0.0,0.60618716
0.0,0.00032340994
0.0,0.08588553
0.0,0.00087849883
0.0,0.40080675
1.0,0.9965487
1.0,0.7194466
0.0,0.0069699944
0.0,0.23226888
0.0,0.66243845
0.0,5.7334233e-07
0.0,0.22363186
0.0,0.7727855
1.0,0.6196499
0.0,0.040170386
0.0,0.7975612
0.0,0.0005254489
0.0,0.09816946
0.0,0.009276427
0.0,0.91205186
0.0,0.0055864244
0.0,0.41139504
0.0,0.24739555
0.0,0.096338786
0.0,0.0047324058
0.0,3.9707902e-05
0.0,0.00092902686
0.0,0.02241876
1.0,0.9130492
0.0,0.00021905114
1.0,0.81582344
0.0,0.9708056
0.0,1.2368086e-05
0.0,0.42453733
1.0,0.99015146
0.0,0.00024952617
0.0,0.98256415
0.0,0.014451505
0.0,0.03873657
0.0,0.08354812
0.0,0.30687904
0.0,0.033493333
0.0,0.6974548
0.0,0.08503877
0.0,3.912104e-06
0.0,0.0005030421
1.0,0.5067102
0.0,0.017516483
0.0,0.54366404
0.0,0.0007664786
0.0,0.031832702
1.0,0.8526869
0.0,0.28174865
0.0,4.5282937e-05
0.0,0.63222635
0.0,0.0025925413
0.0,0.73933667
0.0,4.8566893e-05
0.0,0.2592872
0.0,0.23308218
0.0,0.5201552
0.0,7.8661615e-06
0.0,9.401088e-05
0.0,3.7333305e-06
0.0,0.68462795
0.0,0.00019725178
0.0,0.0020613237
0.0,0.86114925
0.0,0.73504263
0.0,2.330335e-05
0.0,9.521026e-06
0.0,0.015354906
0.0,0.0008875393
0.0,0.00018459366
0.0,0.018415956
0.0,8.803068e-05
1.0,0.3162135
0.0,0.011229441
0.0,0.0016386064
0.0,0.05632548
0.0,0.00083084195
0.0,0.95065403
0.0,0.14092089
0.0,0.98782545
0.0,0.3150297
0.0,0.000112339345
0.0,0.00040281264
0.0,0.0001514677
0.0,0.017758727
0.0,0.10524423
0.0,0.042612236
0.0,0.58592784
0.0,0.00030619433
0.0,0.5006593
0.0,0.018567199
0.0,0.0008257586
0.0,0.04544079
0.0,0.00011269966
0.0,0.37219828
0.0,0.10555591
0.0,0.00014577665
1.0,0.90814036
1.0,0.99638665
0.0,0.27737704
0.0,0.42565212
0.0,0.06081897
0.0,4.7065354e-05
0.0,0.0054118256
0.0,0.00084553775
0.0,0.5513438
0.0,0.3306607
0.0,0.089439414
0.0,4.5257866e-06
0.0,0.02398615
0.0,0.0023226985
1.0,0.5351707
0.0,0.0018139879
0.0,0.013316286
0.0,0.10583273
0.0,0.0013482826
0.0,2.4879362e-05
1.0,0.40677798
0.0,0.09871997
0.0,0.0016614185
0.0,0.826839
0.0,3.3964764e-06
1.0,0.51725435
0.0,0.043769065
0.0,0.0034639898
0.0,0.00047127678
0.0,0.009189529
0.0,0.7424833
0.0,0.34355575
0.0,3.9448105e-06
0.0,0.45996264
0.0,8.192065e-05
0.0,0.048580114
0.0,0.9005702
0.0,1.6175217e-06
0.0,0.6937227
0.0,9.867973e-07
1.0,0.9857875
0.0,0.0011196902
0.0,0.00014299483
0.0,4.3368536e-06
0.0,0.9987118
1.0,0.97776973
1.0,0.98892516
0.0,0.45020312
0.0,0.25867206
1.0,0.97720647
0.0,0.00048490893
0.0,2.8784686e-06
0.0,0.00047241853
1.0,0.36460268
0.0,0.00050333823
1.0,0.94019693
0.0,0.0070726504
0.0,0.3039615
0.0,0.43513015
1.0,0.94327843
0.0,0.43604448
0.0,5.3492146e-05
0.0,0.0016850934
0.0,0.010665167
0.0,0.007372223
1.0,0.975628
0.0,0.9953277
0.0,0.7459831
0.0,0.2769776
0.0,3.0550935e-05
0.0,0.131263
0.0,0.00580933
0.0,0.5891945
0.0,0.32026482
0.0,0.00030289718
0.0,0.7432396
0.0,0.113736264
0.0,0.8498708
0.0,5.1785868e-05
0.0,0.95098037
0.0,0.0058264523
0.0,0.00013302558
0.0,0.53098017
0.0,0.6178101
0.0,0.00079540396
0.0,0.22253768
0.0,0.001205971
0.0,0.0013968719
0.0,0.08850109
0.0,0.25857234
0.0,0.0009907198
0.0,1.9621999e-05
0.0,0.13473007
0.0,0.0026678843
0.0,0.16569589
0.0,0.3389027
0.0,0.9626554
0.0,0.94304955
1.0,0.86795133
0.0,0.005723692
0.0,0.78304315
0.0,4.5684676e-05
0.0,0.43484098
0.0,0.09626425
0.0,0.016396416
0.0,0.0014388532
0.0,0.043604635
0.0,0.9974509
0.0,0.013635759
0.0,0.07552157
0.0,0.28178898
0.0,0.23785156
1.0,0.9530744
0.0,0.0006243977
0.0,0.69785964
1.0,0.35127145
0.0,0.439466
0.0,0.9635484
0.0,0.9401083
0.0,0.0028195784
0.0,0.13432395
0.0,0.0148832835
0.0,0.17815371
0.0,0.9020636
1.0,0.6589308
0.0,0.18425384
0.0,0.99157155
1.0,0.9919059
0.0,0.0018086144
0.0,0.29302838
0.0,0.49951088
0.0,0.9816288
0.0,0.003487679
0.0,0.00039402698
1.0,0.61259604
1.0,0.124807194
0.0,0.0009039432
0.0,0.008922086
0.0,0.5946327
0.0,0.06889341
0.0,0.33032703
0.0,8.9294226e-05
0.0,0.5951574
1.0,0.6264263
1.0,0.9629607
0.0,0.66904765
1.0,0.99584216
0.0,0.002182895
0.0,0.43211263
1.0,0.9849069
0.0,0.0001248037
1.0,0.21518521
0.0,9.089821e-05
0.0,7.933253e-05
0.0,0.7769357
0.0,0.8311079
1.0,0.28836903
0.0,0.0058633815
1.0,0.9587754
0.0,0.11754751
0.0,1.0348815e-05
0.0,0.014357442
1.0,0.99064857
0.0,0.088833064
0.0,0.026320312
0.0,2.998943e-05
0.0,0.32943135
0.0,0.21479674
0.0,0.01879549
0.0,0.09298988
0.0,0.00037449616
0.0,0.062419057
0.0,0.49601865
0.0,0.015191246
0.0,9.004378e-05
0.0,0.00026888913
0.0,0.000296847
0.0,0.60803246
0.0,6.873829e-05
0.0,0.005663914
1.0,0.9903251
0.0,5.890309e-06
0.0,0.058425963
1.0,0.9601609
1.0,0.73464894
0.0,0.2095795
0.0,0.32282233
0.0,1.2254372e-07
0.0,0.0011288018
1.0,0.96495914
0.0,0.0048618102
0.0,0.0066990983
0.0,0.9912956
0.0,0.06888301
1.0,0.99749595
0.0,1.7995003e-06
0.0,0.8182558
0.0,0.19125116
0.0,0.0001244091
0.0,0.053941675
0.0,0.00057317864
0.0,0.00030883114
0.0,0.32892045
1.0,0.13869292
0.0,0.8216032
0.0,0.008392548
0.0,0.30295798
0.0,2.7784822e-06
0.0,0.0049381186
1.0,0.9954047
1.0,0.76628476
0.0,0.5094907
0.0,0.45452777
0.0,0.46460348
0.0,0.002334414
0.0,0.70613694
0.0,0.049629018
0.0,0.012708066
0.0,0.07066056
0.0,0.03080768
0.0,0.3247861
0.0,0.41695452
0.0,0.7509415
0.0,0.0052620275
0.0,0.0041886414
0.0,0.00015798862
0.0,0.013284852
0.0,0.95604134
0.0,0.3613461
0.0,0.20134342
0.0,0.15863833
0.0,8.434141e-05
0.0,0.4270461
0.0,0.08667939
0.0,0.029387439
0.0,0.0079415245
1.0,0.9974253
0.0,0.007058821
0.0,0.00019258267
0.0,0.00028880077
0.0,0.003567209
0.0,0.09926063
0.0,0.89237815
1.0,0.97285694
0.0,0.23460816
0.0,0.14543822
0.0,0.44416276
0.0,0.9993587
0.0,0.005581976
0.0,0.00084318203
0.0,0.16359645
0.0,0.019396458
0.0,0.24585696
0.0,0.2270832
0.0,0.1698358
0.0,0.004083535
0.0,0.7400676
0.0,0.7867643
0.0,0.019147966
1.0,0.60897744
0.0,0.1263681
0.0,0.8151316
0.0,0.23774877
0.0,0.00298346
0.0,3.2568005e-05
0.0,0.038134243
0.0,0.09563959
0.0,0.42988786
1.0,0.9844727
0.0,0.5579131
0.0,2.5872241e-05
0.0,0.12869835
0.0,0.8559233
0.0,0.9871192
0.0,0.53916305
0.0,0.015536238
1.0,0.96283716
0.0,0.47724116
0.0,4.598404e-05
0.0,6.504733e-05
0.0,0.9935051
0.0,8.5949e-05
1.0,0.9913697
0.0,0.5689619
0.0,0.00015457517
1.0,0.84674853
0.0,0.9883173
1.0,0.9910932
1.0,0.98968387
0.0,0.81980413
0.0,0.073134884
0.0,0.4091929
0.0,0.00024231138
0.0,0.2876347
0.0,1.8314262e-05
0.0,0.23295979
0.0,0.7074711
0.0,0.027043168
0.0,0.67607284
0.0,0.081888415
0.0,0.00038064618
1.0,0.9283902
0.0,0.25554964
0.0,0.4262327
0.0,0.0063817683
1.0,0.9681293
0.0,0.13135973
0.0,0.19603051
0.0,0.03065542
0.0,0.026319735
0.0,0.98093516
0.0,0.7263461
0.0,0.43658796
0.0,0.5671037
1.0,0.99039245
0.0,0.0071932226
0.0,0.828703
0.0,0.00037149538
0.0,0.996447
0.0,0.059832074
0.0,0.032074805
0.0,0.33807066
0.0,0.00038772536
0.0,0.12188141
0.0,4.0736708e-05
0.0,0.4845943
0.0,0.6349021
0.0,0.31408712
0.0,0.0069850343
0.0,0.22788812
0.0,0.025921166
0.0,0.001798209
0.0,0.04862409
0.0,0.81782854
1.0,0.94879866
0.0,0.0064598406
0.0,0.92392665
1.0,0.597188
0.0,0.5429997
0.0,0.10926791
0.0,0.0003701441
0.0,0.009232358
0.0,0.10518899
0.0,0.0027107797
0.0,0.047607087
0.0,6.133155e-05
0.0,0.40391886
0.0,2.8344066e-05
0.0,1.6060616e-05
0.0,0.8680579
0.0,0.00050795963
0.0,0.005367314
1.0,0.9954334
0.0,0.94698733
0.0,0.6000119
0.0,0.00031170662
0.0,0.30298164
0.0,0.04267542
0.0,0.00012499152
0.0,0.6274749
0.0,0.99591595
1.0,0.89856565
0.0,0.0004663775
0.0,0.9846053
0.0,0.7743517
0.0,0.54517514
0.0,9.535265e-06
0.0,0.19442432
1.0,0.9395899
1.0,0.964056
0.0,0.00102345
0.0,0.0010399166
0.0,4.5913144e-05
0.0,0.58130676
1.0,0.89415413
0.0,0.00024724985
0.0,0.00012178783
0.0,0.08722145
1.0,0.99860626
0.0,0.98381436
0.0,0.00014493603
0.0,0.023936199
0.0,0.0033658016
0.0,0.057885263
0.0,0.4605567
0.0,0.98368245
1.0,0.99772996
0.0,0.0138930995
1.0,0.9892874
0.0,0.021027606
0.0,0.007836735
0.0,0.8938042
0.0,0.00021500865
0.0,0.37374392
0.0,0.058628377
1.0,0.95908356
0.0,2.6268335e-05
0.0,0.36087072
0.0,3.3675125e-05
0.0,0.05351989
0.0,0.7953445
0.0,0.0020826526
0.0,0.63979614
0.0,0.70916474
0.0,0.61700743
0.0,0.18654771
0.0,0.15014414
0.0,3.849393e-06
0.0,0.0019527698
0.0,0.3029174
0.0,0.22417973
0.0,0.68329257
1.0,0.93467313
0.0,0.56044304
0.0,0.5129837
0.0,0.00044748155
0.0,0.036092278
1.0,0.984525
1.0,0.9998104
0.0,0.07498031
0.0,0.007817775
0.0,3.217352e-05
1.0,0.13111773
0.0,0.14680652
0.0,0.008252125
0.0,0.8133507
0.0,5.2045194e-05
0.0,0.14283565
0.0,0.124191396
0.0,0.04530508
0.0,0.10101453
0.0,0.37250412
0.0,0.048655346
0.0,0.32430217
1.0,0.59245396
0.0,0.035553038
1.0,0.9996731
0.0,0.576529
1.0,0.98423684
0.0,0.8027901
0.0,8.5657725e-10
0.0,0.315516
0.0,0.6091083
0.0,7.659778e-05
0.0,0.0014888218
0.0,0.3703987
0.0,0.005493847
0.0,0.00017375557
0.0,0.43147054
0.0,0.008357232
0.0,0.007997276
0.0,0.04359528
0.0,7.512524e-05
0.0,0.084023654
0.0,0.0007074097
0.0,0.0009776144
0.0,0.0029163933
1.0,0.8590604
0.0,0.50811076
0.0,0.0510838
0.0,0.0012293801
0.0,0.022301901
0.0,0.4317502
1.0,0.9763498
0.0,0.99415404
0.0,0.30852357
0.0,0.07061338
0.0,0.003701412
1.0,0.24739231
0.0,0.00024426752
0.0,0.07117257
0.0,0.103838906
0.0,1.9126692e-05
0.0,0.0011249739
0.0,0.20291379
0.0,1.0582959e-05
1.0,0.9997937
0.0,0.040177952
0.0,0.99645257
0.0,0.0038840969
0.0,0.07253025
0.0,0.28950876
0.0,0.0042735534
0.0,0.0031399257
0.0,0.58592784
1.0,0.95260024
0.0,2.3483339e-05
0.0,0.70732194
0.0,0.021347862
0.0,2.6497439e-05
0.0,0.76892084
0.0,0.9617622
1.0,0.7446519
1.0,0.9415317
0.0,0.78683907
0.0,4.3294174e-05
1.0,0.9450715
0.0,0.44835973
0.0,0.17831853
0.0,0.0010356909
0.0,0.18935977
0.0,0.16398054
0.0,0.000116743984
1.0,0.96806395
0.0,0.08243111
1.0,0.6882282
0.0,0.081923015
1.0,0.9621347
0.0,0.7191311
0.0,0.00075098785
1.0,0.9929282
1.0,0.9930473
1.0,0.8832836
0.0,0.09869653
0.0,0.59419507
0.0,0.03700089
1.0,0.9780278
1.0,0.80157375
0.0,0.0057638576
0.0,2.4915164e-05
0.0,0.2992474
0.0,0.98135054
0.0,0.9400663
0.0,0.98807526
0.0,0.9968022
0.0,0.0012579011
0.0,0.7198012
0.0,0.81239617
0.0,0.30244648
1.0,0.9819696
0.0,0.011726058
0.0,0.00060856267
0.0,0.040407978
0.0,0.0004914447
0.0,0.08643433
0.0,0.06668537
0.0,0.008552397
0.0,0.0691495
0.0,0.33309504
0.0,0.2834806
0.0,0.34103036
1.0,0.8865413
0.0,0.6699174
0.0,0.020366704
1.0,0.5112132
0.0,0.0055142506
0.0,0.9324632
0.0,0.27706972
0.0,7.440168e-05
0.0,0.000438737
1.0,0.6921805
1.0,0.96120083
0.0,5.848373e-06
1.0,0.9879952
0.0,0.460065
0.0,0.110838935
0.0,0.00023238266
0.0,0.062362008
0.0,0.00017141456
0.0,8.175252e-06
0.0,0.0027115997
0.0,0.04985907
0.0,1.4808158e-05
0.0,0.5686255
0.0,0.44330767
0.0,0.4366059
0.0,3.9784543e-05
0.0,0.04714492
1.0,0.9635838
1.0,0.9792905
0.0,0.0012350536
0.0,0.25870126
0.0,0.0062025823
1.0,0.9895755
1.0,0.9904525
0.0,0.007990289
0.0,0.17705494
0.0,0.057318192
0.0,0.00017355241
0.0,0.48243806
0.0,0.0010763956
0.0,4.0915997e-06
0.0,0.0007920751
0.0,0.8668637
0.0,0.057000935
1.0,0.36760995
0.0,0.00229353
0.0,0.100711346
0.0,0.00026496188
0.0,0.00018807716
0.0,0.00010097518
0.0,0.9586207
0.0,0.16684894
0.0,0.9869435
0.0,0.0015663354
1.0,0.9784736
0.0,0.007214069
0.0,0.73119074
0.0,0.002781835
0.0,0.99156624
0.0,0.011020694
0.0,0.15824936
0.0,0.34711173
0.0,8.4378495e-05
1.0,0.9857179
0.0,0.13182822
0.0,0.1909707
0.0,0.8831975
1.0,0.9348707
0.0,0.0009587069
0.0,0.71591204
0.0,1.2543198e-06
0.0,0.17044035
0.0,0.8773076
0.0,0.028979186
0.0,0.00017126328
0.0,0.9287232
0.0,0.468251
0.0,0.10822512
1.0,0.98979855
1.0,0.7258357
0.0,6.437937e-05
1.0,0.87525743
1.0,0.73370683
0.0,0.049575664
0.0,1.5111008e-05
0.0,0.8394134
0.0,0.0034946417
0.0,8.059972e-05
0.0,1.9005034e-05
1.0,0.0019705456
0.0,0.025288083
0.0,0.4664785
0.0,0.17073235
0.0,0.056851245
0.0,0.0035783707
0.0,0.014607699
0.0,0.121688694
0.0,0.00024685625
0.0,0.1924892
0.0,0.026609635
0.0,0.065038286
0.0,0.07027044
0.0,6.9544716e-05
0.0,0.044829424
0.0,6.387834e-05
0.0,0.07661136
1.0,0.86535126
1.0,0.9780497
0.0,0.002537722
0.0,0.043846246
0.0,0.00028485397
0.0,0.00018497354
0.0,0.004971879
0.0,0.006464461
0.0,1.2147052e-05
0.0,0.42326364
0.0,0.8943523
0.0,0.0007843127
0.0,5.4037617e-05
1.0,0.96613276
1.0,0.7087513
0.0,0.47230652
0.0,0.0008972953
0.0,7.0777496e-05
0.0,0.20980659
0.0,2.1906078e-05
0.0,0.06468921
0.0,0.97955495
0.0,4.301651e-05
0.0,0.00012248101
0.0,6.412289e-05
0.0,0.34016865
0.0,0.17937078
0.0,0.07498599
0.0,0.18084238
1.0,0.9987198
0.0,0.6658284
0.0,0.006344652
0.0,0.18296917
0.0,0.16214962
0.0,0.00039986914
0.0,7.452808e-05
0.0,0.49391785
1.0,0.86548465
0.0,0.040329978
0.0,0.00049197016
0.0,0.120897144
0.0,0.00030003165
0.0,0.004703789
0.0,0.00091704953
0.0,0.70358825
0.0,0.0011243423
0.0,1.8450366e-05
0.0,0.4100122
0.0,0.94919807
1.0,0.83452976
0.0,0.0018708247
0.0,0.9435646
0.0,0.08767395
0.0,0.038538698
0.0,0.9989053
0.0,0.77568483
0.0,0.083303064
0.0,0.0125525305
0.0,0.73408896
0.0,0.039687525
0.0,7.16651e-06
0.0,0.0006106444
0.0,0.00013543371
0.0,4.3577667e-05
0.0,0.0034725366
0.0,0.11554908
1.0,0.99870765
0.0,0.004256761
0.0,7.633605e-06
0.0,0.75889575
0.0,0.16872911
0.0,0.000868916
0.0,0.017344836
0.0,0.8795334
0.0,0.0026261501
0.0,0.00049735873
1.0,0.4340216
0.0,0.07839311
0.0,0.2333136
0.0,0.031954832
0.0,0.49333036
0.0,0.07471594
1.0,0.81104094
0.0,0.9468238
0.0,0.00015643278
0.0,0.0024023433
0.0,4.7091486e-05
0.0,0.0026834933
0.0,0.15393987
1.0,0.92023206
0.0,0.9594621
0.0,0.22515817
0.0,0.5067399
0.0,0.08985665
1.0,0.9920753
0.0,0.24982768
0.0,0.033030324
0.0,0.10077535
0.0,0.9598266
1.0,0.97446185
1.0,0.06178265
0.0,0.30546468
0.0,0.00052230153
0.0,0.0035031673
0.0,0.278234
1.0,0.98635405
0.0,0.03707505
0.0,7.74461e-05
0.0,0.0008339774
0.0,0.0003110473
0.0,0.0010785784
0.0,0.015299836
0.0,5.0969193e-05
0.0,9.7673386e-05
0.0,0.7162666
0.0,0.018648036
0.0,0.13050723
0.0,0.44190276
0.0,0.85468376
0.0,0.00022005952
0.0,0.89286274
0.0,0.0038923647
0.0,0.91832715
0.0,0.0030679172
0.0,0.019850675
0.0,0.6385432
0.0,0.27366355
0.0,0.009430612
0.0,0.0003669245
1.0,0.9551761
0.0,0.3510336
0.0,0.15480246
0.0,8.546229e-07
0.0,0.95726764
0.0,0.016723873
1.0,0.91128254
0.0,0.00019491737
0.0,0.11093148
1.0,0.96174246
0.0,0.0012238194
0.0,0.0010684767
0.0,0.104684025
0.0,0.056001954
0.0,7.0143884e-05
0.0,0.0009136203
0.0,0.047992308
0.0,0.99901843
0.0,0.0005686873
0.0,0.7037228
0.0,0.2074243
0.0,0.44489002
0.0,0.3937047
0.0,0.95700085
0.0,0.017280407
0.0,0.00026265119
0.0,0.0030945572
0.0,0.07518091
0.0,0.23599477
0.0,0.0005616824
0.0,0.111682445
0.0,0.4917086
0.0,0.083334774
0.0,0.6111906
0.0,0.6752348
0.0,7.164685e-05
0.0,0.5580616
0.0,1.8416087e-05
0.0,0.8085575
0.0,0.018058568
0.0,0.917739
0.0,0.5885953
0.0,0.74255246
0.0,0.1576354
0.0,0.13126412
0.0,2.4784282e-05
0.0,0.417723
1.0,0.98737633
0.0,0.42007908
0.0,0.02077907
0.0,0.00217535
0.0,0.006440644
0.0,0.28742075
0.0,0.95891416
0.0,0.69658995
0.0,0.036011368
0.0,0.7359218
0.0,0.00038273825
0.0,0.0008035953
0.0,0.99046564
0.0,0.87024987
0.0,0.00030216225
0.0,3.0080278e-06
0.0,0.63323903
0.0,0.17745548
0.0,0.49336094
0.0,0.0014755839
0.0,0.042317644
0.0,8.071298e-06
0.0,0.86353153
0.0,0.46904364
0.0,0.02117452
0.0,0.10145314
0.0,0.0007556972
0.0,0.96354353
0.0,0.008339172
0.0,1.751012e-05
0.0,0.9815611
0.0,0.00023438418
0.0,0.4395431
0.0,0.6685931
0.0,0.08149216
0.0,0.9453231
0.0,3.4411667e-05
0.0,0.012536707
0.0,0.58789206
0.0,0.2997233
0.0,3.54749e-05
0.0,0.36960095
1.0,0.9975986
0.0,0.51959515
0.0,8.710361e-06
0.0,0.010302566
0.0,0.9881632
0.0,0.00054987316
0.0,0.36434668
0.0,0.659183
0.0,0.01458885
0.0,0.0028211514
0.0,0.0009774934
0.0,0.028359553
0.0,0.35569763
0.0,0.085051134
0.0,0.026951874
0.0,0.000102707745
0.0,0.04753397
0.0,0.0017779067
0.0,2.7299198e-05
0.0,0.58592784
1.0,0.9606156
0.0,0.0025168315
0.0,0.0035962928
0.0,0.00041299078
0.0,0.9329798
0.0,0.025103567
0.0,0.002471163
0.0,0.11476039
0.0,0.078008085
0.0,0.15328626
0.0,0.5144953
0.0,0.0013925205
0.0,0.7580276
0.0,0.8147439
0.0,0.15639749
0.0,0.034472693
0.0,0.7529263
0.0,0.45250815
0.0,0.00065634935
0.0,3.3524364e-05
0.0,0.28322035
0.0,0.7650479
0.0,1.4406116e-06
0.0,0.015760977
0.0,0.002978974
0.0,0.05384627
0.0,0.098445065
0.0,0.81077886
0.0,0.7812554
0.0,0.33314934
0.0,0.0139778005
0.0,0.8025888
0.0,0.49909684
0.0,0.0004942326
1.0,0.9328083
0.0,0.000106139
0.0,0.41069853
0.0,0.1650328
0.0,0.081806414
0.0,0.0030134735
0.0,0.1820429
0.0,0.05869715
0.0,0.42088294
0.0,0.044827785
0.0,0.14587617
0.0,0.0012351542
0.0,0.06692235
0.0,5.5863446e-05
0.0,0.17266679
0.0,2.8623903e-05
0.0,0.98702544
1.0,0.8415075
0.0,0.003025107
0.0,0.016325664
0.0,0.2776496
0.0,0.017421633
0.0,2.9934654e-05
0.0,0.98994243
0.0,0.010707074
0.0,0.08223276
0.0,0.45808014
0.0,4.58689e-05
0.0,0.20189053
0.0,0.234451
0.0,0.9690183
0.0,0.3702693
0.0,8.048428e-05
0.0,0.017957706
0.0,0.9730848
0.0,0.35088372
0.0,0.8210987
0.0,0.0005496869
0.0,0.012774176
1.0,0.91967875
1.0,0.9157802
0.0,0.49130556
0.0,0.0062610074
0.0,0.6418688
0.0,0.00035033972
1.0,0.9743279
0.0,0.008290719
0.0,0.023394357
0.0,9.96324e-05
0.0,0.16344519
0.0,0.3793033
0.0,9.520881e-06
0.0,0.502763
0.0,0.08562128
1.0,0.96179295
0.0,0.018470446
1.0,0.9935644
0.0,0.1100136
0.0,0.03182271
0.0,0.0015890382
0.0,0.03514667
0.0,0.00046332777
0.0,0.00012396456
0.0,0.1233308
0.0,0.39751813
0.0,1.16105745e-07
0.0,0.8361424
0.0,0.00037110955
0.0,0.004041886
0.0,0.1814529
0.0,0.11759766
0.0,0.14533089
0.0,0.027827209
0.0,0.1529949
0.0,0.8911092
0.0,0.97328925
0.0,0.69760305
0.0,0.00013945444
0.0,0.6998739
0.0,0.00029205173
0.0,0.0016485701
0.0,0.0022511662
0.0,0.97502214
0.0,0.1949507
0.0,0.00020400308
0.0,0.18399407
0.0,5.0071812e-05
1.0,0.69520545
0.0,0.00030156362
0.0,1.2871258e-05
0.0,0.03222444
0.0,0.9351808
0.0,0.17652068
0.0,0.32819527
0.0,0.1465796
0.0,0.5556246
0.0,0.333473
0.0,0.0010288561
0.0,1.3500177e-05
0.0,0.035936598
0.0,0.12184099
0.0,0.40341774
0.0,0.00021996911
1.0,0.96320975
0.0,0.24084641
0.0,0.116099514
0.0,0.005662142
0.0,6.6391825e-05
0.0,0.028142678
0.0,0.08272156
0.0,0.0028940015
1.0,0.9080232
0.0,0.06376654
0.0,0.0004298925
0.0,6.813202e-05
0.0,0.41923952
0.0,0.0033316272
0.0,0.84186995
0.0,0.0017146204
0.0,0.00030855273
0.0,6.768009e-05
0.0,0.057015423
0.0,0.0056386106
0.0,0.0036036698
0.0,5.122076e-05
0.0,0.0040465337
1.0,0.5766287
0.0,0.0075434456
0.0,0.7562376
0.0,0.005046151
0.0,0.00040634276
0.0,0.109748684
0.0,0.0013890913
0.0,0.7106042
0.0,0.019804148
0.0,0.020443525
0.0,0.054665238
0.0,0.9574502
0.0,0.00052574044
1.0,0.94188875
1.0,0.915348
0.0,0.0052934694
0.0,0.0003277136
0.0,0.81379914
0.0,0.00010281053
0.0,0.00905695
1.0,0.9809848
0.0,2.6779035e-05
1.0,0.42702565
1.0,0.979573
0.0,0.00011181151
0.0,0.66033524
0.0,0.3494892
1.0,0.9706711
0.0,0.007951904
0.0,0.78125215
0.0,0.0138118835
0.0,1.7237538e-05
1.0,0.54442745
0.0,0.1390258
0.0,0.89092374
0.0,0.007692101
0.0,0.0011356268
0.0,0.00069368473
0.0,0.004801003
1.0,0.9889626
0.0,0.30167034
0.0,0.18009628
0.0,0.030918524
0.0,0.73299867
0.0,0.96562296
0.0,0.00112603
1.0,0.9349916
1.0,0.90095556
0.0,0.593949
0.0,0.0011471584
0.0,0.00034034238
0.0,0.18206249
0.0,1.9224544e-05
0.0,0.24525914
0.0,0.014562312
0.0,0.7745206
0.0,0.10126086
0.0,0.045395434
0.0,0.0039538085
0.0,0.23761661
0.0,0.00037542678
0.0,2.995609e-06
0.0,0.35052156
0.0,0.017146274
0.0,0.022559548
0.0,0.87279624
0.0,6.809519e-05
0.0,0.14340116
0.0,0.0036589142
0.0,0.0020212498
0.0,0.92186195
0.0,0.2901764
0.0,0.0015178272
0.0,0.0019261772
0.0,0.7841106
0.0,0.041761
0.0,9.1072125e-06
0.0,0.94626117
0.0,0.14977704
0.0,3.0793683e-05
0.0,0.6470724
1.0,0.9931284
0.0,0.96539
1.0,0.86760986
0.0,0.25778705
0.0,0.009334771
0.0,0.03409584
0.0,6.192541e-05
0.0,0.33791596
0.0,0.00011946545
0.0,3.8817783e-05
0.0,0.0002931089
0.0,0.1700572
1.0,0.97788906
0.0,9.049613e-05
0.0,0.0001830195
0.0,0.027890667
0.0,0.7421734
0.0,0.00013132511
0.0,0.6281026
0.0,0.60882246
0.0,0.17614827
0.0,1.5481703e-05
0.0,0.0022501894
0.0,0.011881514
0.0,0.2496414
0.0,0.5213564
0.0,0.21861409
0.0,0.018761229
1.0,0.79188097
0.0,0.13604902
0.0,0.0017366895
0.0,0.071568765
0.0,0.15189949
0.0,7.4281656e-05
0.0,0.5621207
0.0,0.0095069595
0.0,0.21681955
0.0,0.24677086
0.0,0.067097835
0.0,0.38804644
0.0,0.0005239804
0.0,0.0010480065
1.0,0.91540927
0.0,0.012490546
0.0,0.5848585
0.0,0.62507373
0.0,0.35768688
0.0,0.5456337
0.0,9.666914e-05
0.0,0.07464523
0.0,6.204558e-05
0.0,0.0029894758
0.0,0.15747224
0.0,0.06547498
1.0,0.07353537
0.0,0.13089687
0.0,0.1847013
0.0,6.0659502e-05
0.0,0.1348043
0.0,1.158434e-05
0.0,0.00036132024
1.0,0.96848375
0.0,0.0014128851
0.0,0.39916882
1.0,0.99220604
0.0,0.020366527
1.0,0.5741492
0.0,0.17563024
0.0,0.75661016
1.0,0.99015105
0.0,0.1315504
0.0,9.311885e-05
0.0,0.9893343
0.0,0.00014441497
0.0,0.11446601
0.0,0.9963727
0.0,0.008329911
0.0,0.9550802
0.0,0.11424756
0.0,0.41574988
0.0,0.1627977
0.0,0.097372815
0.0,0.94596046
1.0,0.9959539
0.0,0.90549296
0.0,0.08269426
0.0,0.0051800176
0.0,0.0010502407
1.0,0.9613527
0.0,0.08255171
0.0,0.19201012
0.0,0.0069313413
0.0,0.28392103
0.0,0.002702376
0.0,0.88308835
0.0,0.31542885
0.0,0.0616373
0.0,0.0765109
0.0,0.000255191
0.0,0.00011683341
0.0,0.31680018
0.0,0.0033147456
0.0,0.00072052283
1.0,0.9919918
0.0,3.379035e-05
0.0,0.1608195
1.0,0.9890182
0.0,0.4125292
0.0,0.06876916
0.0,0.00091554184
0.0,0.22686929
0.0,0.09711652
1.0,0.9707646
0.0,0.07191766
1.0,0.99984324
0.0,0.34349912
0.0,0.48538056
0.0,0.0038865805
0.0,0.97860765
1.0,0.972153
1.0,0.7290219
0.0,0.0010769735
0.0,0.0015319356
0.0,0.004751611
0.0,0.04070835
0.0,5.1521256e-05
0.0,0.6598811
0.0,0.0005979486
0.0,0.55370855
0.0,0.018550983
0.0,0.03458433
0.0,0.35801563
0.0,7.548488e-05
0.0,0.36550784
0.0,0.31244203
0.0,0.611198
0.0,1.0752915e-05
0.0,0.632634
0.0,0.07874359
0.0,0.0009693057
0.0,2.3947593e-06
0.0,0.046511345
0.0,0.00046162124
1.0,0.08059828
1.0,0.16549571
0.0,0.009377978
0.0,0.00032745968
1.0,0.9748064
0.0,0.0640775
0.0,0.00062984024
0.0,0.58029544
0.0,0.027149243
0.0,0.20230938
0.0,0.31304374
0.0,0.34514454
0.0,0.067953646
0.0,0.027865658
1.0,0.95378655
0.0,4.2714502e-05
0.0,0.55854934
0.0,0.0020713361
0.0,0.11038166
0.0,0.1053847
0.0,0.19592613
0.0,0.002893912
0.0,0.16987804
0.0,0.26791397
0.0,0.023684416
0.0,0.00018847693
0.0,0.059907537
0.0,5.8386955e-05
1.0,0.87743926
0.0,0.11466698
0.0,5.783071e-05
0.0,0.00043103658
0.0,0.1189212
0.0,0.00015016667
0.0,0.8379704
0.0,0.6731827
0.0,0.017919442
0.0,1.79394e-06
1.0,0.9325409
0.0,3.913252e-05
0.0,0.11273573
0.0,0.003914405
0.0,0.048447452
0.0,1.2567645e-05
0.0,0.12978297
0.0,0.67970675
0.0,5.9786353e-06
0.0,0.00081404974
1.0,0.99633384
1.0,0.9813525
0.0,0.003509495
0.0,0.000103335005
0.0,5.9530043e-06
0.0,0.0026671218
0.0,0.20650622
0.0,0.8031984
0.0,0.0004083377
0.0,0.79939544
0.0,0.004250559
0.0,0.4167339
0.0,0.20902987
0.0,0.2480245
0.0,9.944952e-07
0.0,0.3035255
0.0,0.9088475
0.0,0.20953701
0.0,3.822255e-05
1.0,0.814468
0.0,5.485093e-06
1.0,0.99658394
0.0,0.7156154
0.0,0.023666505
0.0,0.04743479
0.0,0.13561054
0.0,1.6955894e-06
0.0,0.0008846211
0.0,0.012429361
0.0,0.60235023
1.0,0.9273731
0.0,0.00020657486
1.0,0.94224656
0.0,0.76164335
0.0,0.18388095
1.0,0.89167666
0.0,6.236688e-06
0.0,0.113149144
0.0,0.04006
0.0,0.73199373
0.0,0.00015457768
0.0,0.5894413
0.0,0.00089536735
1.0,0.49822748
0.0,5.645731e-06
0.0,0.7118334
0.0,0.5760553
1.0,0.95495856
0.0,0.00014831628
0.0,0.0059182155
0.0,0.0019869618
0.0,2.446248e-06
1.0,0.7947986
0.0,0.8693194
0.0,0.88354933
0.0,0.05933922
0.0,0.04663596
0.0,0.016771441
0.0,0.009298989
0.0,5.1626652e-05
0.0,0.023074366
0.0,0.00014411398
0.0,0.12776858
0.0,0.006574201
0.0,0.019055512
0.0,0.89510787
0.0,0.00091890426
0.0,0.0021095944
0.0,0.0012540144
0.0,0.93865776
0.0,9.279432e-05
0.0,0.0004092018
1.0,0.94042975
1.0,0.98422873
0.0,0.61167103
0.0,0.9115589
0.0,0.019334093
1.0,0.7439515
0.0,0.07035688
0.0,0.009585706
0.0,0.0114900675
0.0,0.38881627
0.0,0.43224224
0.0,0.027155057
0.0,0.19273816
0.0,0.70077187
1.0,0.9213393
1.0,0.58592784
0.0,0.00045264236
0.0,0.0292567
0.0,0.9891229
0.0,0.016191863
0.0,0.062296208
0.0,0.19051015
0.0,0.2763316
0.0,1.7567207e-05
0.0,0.9995086
0.0,7.026472e-05
0.0,0.32495174
0.0,0.34901163
0.0,0.0003611176
1.0,0.6781481
0.0,0.00014418189
0.0,8.937413e-05
0.0,0.004141456
0.0,0.045389015
0.0,0.027573748
1.0,0.80787814
0.0,0.053522125
0.0,0.007229724
0.0,0.010563185
0.0,0.02124403
0.0,0.578065
0.0,0.56009185
0.0,1.5910364e-05
0.0,7.243039e-05
0.0,1.1093695e-05
0.0,0.0010914599
0.0,0.0004093774
0.0,0.0072639715
0.0,0.0019847325
0.0,0.21434332
0.0,0.00015579759
0.0,0.00014086052
0.0,0.7526365
0.0,0.005310792
0.0,0.99034077
0.0,0.18848
0.0,0.15123682
0.0,0.16946469
0.0,3.1496103e-07
0.0,0.0005503451
1.0,0.92236936
0.0,0.10212926
0.0,0.16821025
0.0,8.4351705e-05
0.0,0.25698617
1.0,0.88056254
0.0,0.25056055
0.0,0.16497317
0.0,0.0052446295
0.0,4.1787025e-05
0.0,0.041098893
0.0,0.6822129
0.0,0.009808113
0.0,0.7882385
0.0,0.7561314
0.0,1.7357414e-05
0.0,0.14174621
1.0,0.9801452
0.0,0.9750059
0.0,0.72260606
0.0,0.00043715874
0.0,2.2228094e-05
0.0,0.0103766
0.0,0.00028659083
0.0,3.7265447e-05
0.0,0.0006707544
1.0,0.92617536
0.0,0.0042794906
0.0,0.23461162
0.0,3.0276442e-05
0.0,0.56684303
0.0,0.9118172
0.0,0.6645015
0.0,0.6376295
0.0,0.7665082
0.0,0.18983433
0.0,0.031010473
0.0,9.048499e-06
0.0,0.21383534
0.0,0.60132426
0.0,0.9138137
0.0,0.05752229
0.0,0.7810202
0.0,0.35494608
0.0,0.12489156
0.0,1.5384741e-06
0.0,0.00073131727
0.0,0.30948958
0.0,2.7971117e-05
1.0,0.9979752
0.0,0.24101365
1.0,0.7674039
0.0,0.11103588
0.0,0.08808902
0.0,0.064734176
0.0,0.015941579
0.0,0.2263825
0.0,0.0020530312
0.0,0.11376844
0.0,7.0432565e-05
0.0,5.8838355e-06
0.0,0.08496871
0.0,0.7872631
0.0,8.744603e-05
0.0,0.47954577
1.0,0.99381036
0.0,0.0016403899
0.0,0.22931066
0.0,0.00046167188
0.0,0.10329947
0.0,0.6016057
0.0,0.01718328
0.0,0.0028609082
0.0,0.8608657
0.0,0.33498397
0.0,0.56649405
1.0,0.9937716
0.0,0.0009443505
0.0,0.000658813
0.0,0.89950895
0.0,0.0026460886
0.0,0.31636158
0.0,0.011969193
0.0,0.0005271934
0.0,0.0024592772
0.0,0.010928052
0.0,0.001326093
0.0,0.21387132
0.0,0.0011268696
0.0,0.00016763117
0.0,0.83440375
0.0,0.018008204
0.0,0.9698723
0.0,0.11138827
0.0,0.00022893737
0.0,0.0045378157
0.0,0.27207288
0.0,0.14141902
0.0,0.00085076294
0.0,0.00023542119
0.0,0.00011338208
0.0,0.039098844
0.0,0.00050465623
1.0,0.7994885
0.0,0.27701315
0.0,0.011593728
1.0,0.96591157
0.0,0.107393704
0.0,0.4869586
0.0,0.00038750403
0.0,9.297531e-06
0.0,0.87901455
0.0,0.53364104
0.0,2.6888534e-05
0.0,0.8666478
0.0,0.0011537864
1.0,0.93486166
0.0,6.38138e-05
0.0,0.00011383405
0.0,0.00031228547
1.0,0.8599631
0.0,0.00010721422
0.0,3.387117e-05
0.0,0.03871839
0.0,0.388725
0.0,0.60489815
0.0,0.0083815865
0.0,0.33734897
0.0,0.00029858694
0.0,0.5466845
1.0,0.9970976
0.0,0.2759622
0.0,0.6934682
1.0,0.9781381
0.0,0.49434224
0.0,0.5348496
0.0,0.12159805
0.0,5.515641e-07
0.0,0.30171463
0.0,0.41048884
0.0,0.018822476
0.0,0.036664832
0.0,0.26964453
0.0,0.16174197
0.0,0.21108565
0.0,0.024786828
0.0,0.7041053
0.0,0.0006396137
1.0,0.9747361
0.0,0.30038255
0.0,0.1290184
0.0,0.1724652
0.0,0.00020933249
0.0,0.0058890665
0.0,0.021971764
0.0,0.94718385
0.0,0.17562425
0.0,0.00078233134
0.0,0.0024349887
0.0,0.0026324086
0.0,0.0004531196
0.0,0.0003361691
0.0,0.3669406
0.0,0.11119467
0.0,0.03874566
0.0,0.0002512474
0.0,0.0025501275
0.0,0.0013061241
0.0,0.9890591
0.0,0.45193875
0.0,0.0006970532
0.0,0.071380675
0.0,8.120192e-05
0.0,0.88734525
0.0,0.3474598
0.0,0.0017260154
0.0,3.8863007e-05
0.0,0.00069863803
1.0,0.07750903
0.0,0.019834297
0.0,2.8881264e-05
0.0,0.32506427
1.0,0.86396396
0.0,0.36412567
0.0,0.005350359
0.0,0.9577779
0.0,0.92184645
0.0,0.00010646287
0.0,6.640937e-05
0.0,0.001115453
0.0,0.39570957
0.0,0.005610036
0.0,0.27378294
1.0,0.9514547
0.0,0.91955054
1.0,0.998711
0.0,0.53347695
0.0,0.61995953
0.0,0.74520266
0.0,0.79742336
0.0,4.5937362e-05
0.0,0.24585949
0.0,0.98527443
0.0,0.91033375
0.0,0.53120714
0.0,0.115013964
0.0,0.32707098
0.0,0.9432028
0.0,0.0014158404
0.0,0.3311927
0.0,0.8170129
0.0,0.9530553
0.0,0.006235953
1.0,0.92045
1.0,0.9393537
0.0,0.0036850667
0.0,8.18289e-07
0.0,0.0020507446
0.0,0.17360082
0.0,0.36891112
0.0,0.009184121
0.0,1.1184927e-05
0.0,0.89973265
0.0,3.2903365e-06
0.0,0.72159475
0.0,0.47314268
0.0,0.16052121
0.0,0.008394167
1.0,0.9866464
0.0,0.00064692734
0.0,0.089189336
0.0,3.3776145e-05
0.0,0.7743107
0.0,0.7793342
0.0,0.022120249
0.0,3.708118e-05
0.0,0.073716976
0.0,0.75394636
0.0,0.48494944
0.0,0.0503185
1.0,0.91071
0.0,0.70645195
0.0,0.0003859637
1.0,0.97793144
1.0,0.98851866
0.0,3.1452862e-05
0.0,0.66211045
0.0,0.002010878
0.0,0.6056552
0.0,0.58100086
0.0,0.97372603
0.0,1.9038785e-06
0.0,0.5570085
1.0,0.97957146
0.0,0.0053414972
0.0,0.6520919
0.0,2.4177828e-06
0.0,0.0032615256
0.0,2.6025173e-06
0.0,7.9507474e-05
1.0,0.9675216
0.0,0.00022319962
0.0,0.45614123
0.0,0.7768391
1.0,0.66803986
0.0,0.0997267
0.0,0.0010632444
1.0,0.99875975
0.0,0.07219271
0.0,0.5859936
0.0,0.32177508
0.0,0.07182731
0.0,0.018513564
0.0,0.0022006438
0.0,0.00010064113
0.0,0.8987865
0.0,0.00011097048
0.0,0.40946397
0.0,0.00024223606
0.0,0.16786565
0.0,0.17287229
0.0,0.12790622
0.0,0.13102321
0.0,0.25256723
0.0,0.6320404
0.0,3.6744345e-06
0.0,0.00023630945
0.0,0.0021536374
0.0,0.00018065683
0.0,0.0008531071
0.0,0.2771581
0.0,4.6125766e-05
0.0,3.0253843e-05
0.0,0.17512847
0.0,0.26767358
0.0,0.001605417
0.0,0.0009835159
0.0,0.012948282
0.0,0.0022127945
0.0,0.23958005
1.0,0.58592784
0.0,0.023445075
0.0,0.73187554
0.0,0.34787577
0.0,0.019492136
1.0,0.9085158
0.0,0.6913419
0.0,0.00013971012
0.0,0.00541988
0.0,0.63264483
0.0,0.00017759792
0.0,0.29360723
0.0,0.0063763317
0.0,6.853219e-06
0.0,0.18211165
0.0,0.0642861
0.0,0.3182936
0.0,0.9182622
1.0,0.86281824
0.0,0.00028188672
0.0,0.27969414
0.0,0.92288756
0.0,0.002734119
0.0,1.041522e-05
1.0,0.7192387
0.0,0.7798918
0.0,0.00074939674
0.0,0.60423416
1.0,0.9981117
0.0,0.21816573
0.0,0.18376337
0.0,0.0794282
0.0,0.00070055656
0.0,0.26975134
0.0,0.02778041
0.0,0.00010810408
0.0,0.0022620503
0.0,0.057228692
0.0,0.00011805613
0.0,0.02356355
0.0,0.0015981073
1.0,0.6524167
0.0,0.0017803158
0.0,0.7904347
0.0,0.16307381
0.0,0.9706007
0.0,0.000136775
0.0,0.9831806
0.0,0.91324955
0.0,0.93991035
0.0,1.2538518e-05
0.0,0.98520213
0.0,0.8514891
0.0,0.83284485
0.0,3.6999652e-05
1.0,0.8918498
0.0,0.38133836
0.0,0.07093724
1.0,0.96076
0.0,0.16371502
1.0,0.94997436
0.0,0.0048265737
0.0,0.0024692193
0.0,0.0009522679
0.0,0.18549502
0.0,0.9913401
0.0,0.2430298
0.0,0.0561046
0.0,0.21636906
0.0,0.89103574
0.0,0.0001822637
0.0,0.0001444899
0.0,0.15129206
0.0,0.043575365
1.0,0.6359118
0.0,0.33328053
0.0,0.003116371
0.0,0.0007511689
0.0,0.0049121394
0.0,2.6704968e-06
1.0,0.899345
0.0,4.0690426e-05
0.0,0.069433674
0.0,0.8281736
0.0,0.043463413
0.0,0.006629958
0.0,0.4924166
0.0,1.6345157e-05
0.0,0.2747233
0.0,0.0103207715
0.0,0.0016373573
0.0,1.82641e-05
0.0,0.029603006
0.0,0.07286855
0.0,0.83975667
1.0,0.8484428
0.0,0.88069415
0.0,0.3783639
0.0,0.02914533
0.0,0.099158525
0.0,0.9650315
0.0,0.12962677
0.0,0.9093957
0.0,0.4678422
1.0,0.42478472
0.0,0.08559277
0.0,0.018029805
0.0,4.1247563e-06
0.0,0.8075537
0.0,0.008049886
1.0,0.6305743
0.0,0.68118376
0.0,0.0014611356
0.0,0.025934322
0.0,0.68928945
0.0,0.5198794
0.0,0.00085969316
0.0,0.42677745
0.0,0.11526045
0.0,0.13297662
0.0,0.949309
1.0,0.97916436
0.0,0.112347685
0.0,0.7725909
0.0,3.88243e-05
0.0,0.064448796
1.0,0.86063796
0.0,0.6462879
0.0,0.79525024
1.0,0.8991907
0.0,1.5815105e-05
0.0,0.015123653
0.0,0.0042234133
1.0,0.96370316
0.0,1.383984e-05
0.0,0.0057352283
0.0,0.0025618295
0.0,0.9750175
0.0,0.532169
0.0,0.19264457
0.0,0.022371953
0.0,0.18363574
0.0,0.015547465
0.0,0.29938135
0.0,0.0013481176
1.0,0.94173276
0.0,0.19919705
0.0,0.15248975
0.0,0.71572036
0.0,0.021541288
0.0,0.41265282
0.0,0.64791423
0.0,0.005276789
0.0,0.79559565
0.0,0.1464165
0.0,0.007336667
1.0,0.73904747
0.0,0.000935786
0.0,1.0050028e-05
0.0,0.00020322265
0.0,0.18527384
0.0,0.0020710288
0.0,0.017042378
0.0,0.11112802
0.0,0.53524756
0.0,0.44406867
0.0,0.39076474
0.0,0.00046794652
0.0,0.84071237
0.0,0.031009387
1.0,0.9420074
1.0,0.95247614
0.0,0.007036766
0.0,0.5606752
0.0,0.0028729297
0.0,0.9874126
0.0,0.00017722018
0.0,0.0036709113
1.0,0.96613264
0.0,0.018289989
0.0,0.039638214
0.0,0.00011427855
0.0,0.016237676
0.0,0.000794311
0.0,0.012970826
0.0,0.008451307
1.0,0.9976814
0.0,0.027460095
0.0,0.994812
1.0,0.9970023
0.0,1.2470225e-05
1.0,0.024889717
0.0,0.1096476
1.0,0.7873874
0.0,0.00012490813
0.0,0.60397565
0.0,0.54219735
0.0,0.00022436632
0.0,0.18394057
0.0,0.00019179963
0.0,0.007877835
0.0,0.0008386504
0.0,0.020038843
0.0,1.4616588e-05
0.0,0.039276797
0.0,0.9100588
0.0,0.09128895
0.0,0.00016708922
1.0,0.9208371
1.0,0.99935585
1.0,0.98806006
0.0,0.6902729
0.0,0.85174006
0.0,5.7240894e-05
0.0,0.10195148
0.0,0.5866108
0.0,0.15892957
0.0,0.7809912
0.0,0.0021683984
0.0,0.9841808
0.0,0.9765562
0.0,0.5307242
0.0,0.19617891
0.0,0.0840595
0.0,1.3021298e-06
0.0,0.00015352388
0.0,0.0008283624
0.0,0.00017609146
0.0,0.08443421
0.0,0.397532
1.0,0.35581946
0.0,4.3446464e-05
1.0,0.7603392
0.0,0.9227075
0.0,0.28707
0.0,0.60862416
0.0,0.00013989741
0.0,0.04290104
0.0,0.9441151
0.0,0.00035581493
0.0,0.00689823
0.0,0.95315886
0.0,0.6161427
0.0,0.26733086
0.0,0.0072771804
0.0,0.046241004
0.0,0.30172703
0.0,0.5508091
0.0,0.22410996
0.0,0.00067042466
0.0,0.06483255
0.0,0.82763386
0.0,6.3026923e-06
0.0,4.788753e-05
0.0,0.62771964
0.0,0.7635915
0.0,0.36575937
0.0,0.007869675
0.0,0.969824
0.0,0.00018073885
0.0,0.022395909
0.0,0.34174636
0.0,0.019612
0.0,2.981929e-05
0.0,0.15594079
0.0,0.00052628416
0.0,0.66864693
0.0,0.028766634
0.0,0.00076395087
0.0,8.682384e-05
0.0,0.19397137
0.0,9.949019e-05
0.0,0.6520621
0.0,0.9476315
0.0,0.0835948
0.0,0.0037057912
1.0,0.79165715
0.0,8.044433e-06
1.0,0.97490746
0.0,0.11386446
0.0,7.483438e-05
0.0,0.0669734
0.0,0.4905068
0.0,0.0026580454
0.0,1.0474208e-05
0.0,0.94280344
0.0,0.030034047
1.0,0.8818902
0.0,8.8375025e-05
0.0,0.025518881
0.0,1.4822293e-06
0.0,0.12970175
0.0,0.033742327
1.0,0.98314524
0.0,0.03397591
0.0,0.14263822
0.0,0.0021752715
0.0,4.68901e-05
0.0,0.9181262
0.0,0.0432963
0.0,0.850755
0.0,1.3275891e-05
0.0,4.031445e-07
1.0,0.9988391
0.0,0.0008474656
0.0,2.2303515e-05
0.0,0.035775356
0.0,1.8548952e-06
0.0,0.00032395183
0.0,0.00019561259
1.0,0.8167626
0.0,0.032667015
0.0,0.049579296
0.0,0.010158667
0.0,0.9951013
0.0,0.0010936663
1.0,0.9863754
0.0,0.026371935
0.0,0.0021166257
0.0,0.002912677
0.0,5.228286e-06
0.0,0.0004156376
0.0,0.95361894
1.0,0.09960808
0.0,0.0015420443
1.0,0.8055893
0.0,0.28942594
0.0,0.0071762125
0.0,0.695041
0.0,0.17865244
0.0,1.9165254e-05
0.0,0.0015804742
0.0,0.18618356
0.0,2.7650644e-06
0.0,0.0020330292
0.0,0.71023566
0.0,0.0004420284
0.0,0.0009415223
0.0,1.6829168e-05
1.0,0.8222745
1.0,0.98152643
0.0,0.00067023485
0.0,0.5374838
0.0,0.09576095
0.0,0.07832264
0.0,7.5372875e-05
0.0,0.013783142
1.0,0.9943651
0.0,0.0010009744
0.0,0.23851904
0.0,1.6835027e-05
0.0,0.87345976
0.0,0.004265127
0.0,0.35429564
0.0,0.4749071
0.0,0.005467783
0.0,0.23103268
0.0,0.6674103
0.0,0.026164468
0.0,0.00025636939
0.0,0.002745694
0.0,1.5321635e-05
0.0,0.0010395768
0.0,0.00031915033
0.0,1.2041091e-06
0.0,0.0017560231
0.0,0.07600557
0.0,0.049798205
1.0,0.93630797
0.0,0.012993726
0.0,0.023624023
0.0,0.047778256
0.0,0.035146423
0.0,0.000119200544
0.0,0.6810527
0.0,0.02253525
0.0,0.011607057
0.0,0.0007137076
0.0,4.4448185e-05
0.0,0.10975516
0.0,0.011712472
0.0,0.019992003
0.0,0.10129945
0.0,0.2696303
0.0,0.6857208
0.0,0.00027248226
0.0,0.0011402707
0.0,0.0009232949
0.0,0.1171575
0.0,0.0216582
0.0,0.0001258291
0.0,0.0006459967
1.0,0.92401457
0.0,0.3620073
0.0,0.10346221
0.0,2.1246455e-05
0.0,0.19511643
0.0,0.009336813
0.0,0.0007513379
0.0,0.5906115
0.0,0.47932553
0.0,0.71628743
1.0,0.99782526
0.0,0.019803558
0.0,0.50198
0.0,0.0001784662
0.0,0.020359317
0.0,0.20898888
0.0,0.44900924
0.0,0.054534093
0.0,0.62632346
0.0,0.044039514
0.0,0.6017272
0.0,0.00014810528
0.0,0.027942998
1.0,0.96028876
0.0,0.2403784
0.0,0.014954923
0.0,0.00045331617
0.0,0.07232971
0.0,0.001717011
0.0,0.00050312333
0.0,1.607275e-05
0.0,0.027909951
1.0,0.93423444
1.0,0.93671954
0.0,0.009475897
0.0,0.274268
1.0,0.98429424
1.0,0.93770516
0.0,0.24189204
0.0,6.6262866e-05
0.0,0.00020817686
0.0,0.00011976657
0.0,0.7360437
0.0,2.985926e-06
1.0,0.98140717
0.0,0.06748414
1.0,0.6519578
0.0,0.7463972
0.0,0.19837306
0.0,0.38183045
0.0,0.00044075793
0.0,0.70361453
0.0,0.00034212085
0.0,4.4148335e-05
0.0,0.0043134773
0.0,0.161517
1.0,0.70455617
0.0,4.4304892e-05
0.0,0.00013212535
0.0,0.6007481
1.0,0.99486923
0.0,0.5232091
0.0,0.7048724
0.0,0.5024923
0.0,0.7858026
0.0,0.92575127
0.0,0.0001362013
0.0,0.0001493329
0.0,0.73160404
0.0,0.019064078
0.0,9.76638e-05
0.0,0.0016885076
0.0,0.99365634
0.0,0.07492505
0.0,0.007840718
0.0,0.2645052
0.0,0.00015053022
0.0,0.021043068
0.0,0.21830773
0.0,0.05517389
1.0,0.6956192
0.0,0.14151473
0.0,0.29968885
0.0,0.1185305
0.0,0.00087802147
0.0,0.006074954
0.0,0.11226286
1.0,0.7046398
0.0,0.0025463728
0.0,1.645399e-05
0.0,0.43449342
0.0,0.018977934
1.0,0.8835576
1.0,0.23166679
0.0,0.026446378
1.0,0.74236286
0.0,0.54040617
0.0,0.022870246
0.0,0.048121426
1.0,0.9582103
0.0,0.0025791335
0.0,0.097075395
0.0,6.6397464e-05
0.0,0.0002754311
0.0,0.008600609
0.0,0.25640735
0.0,0.1284409
0.0,0.28836945
0.0,0.014185816
0.0,0.35867164
0.0,0.18239127
0.0,0.0001755729
0.0,3.413115e-05
0.0,0.00010741131
0.0,6.0671126e-05
1.0,0.90269256
0.0,1.5042196e-05
0.0,0.00012129343
0.0,0.028536187
1.0,0.94611204
0.0,0.091105394
0.0,4.1400806e-05
0.0,0.66733617
0.0,0.16933149
0.0,0.04040462
0.0,1.6072658e-05
0.0,0.49501938
1.0,0.99509746
0.0,0.94846386
1.0,0.99997234
0.0,0.013043826
0.0,0.2526869
0.0,0.0039045082
0.0,0.034889173
0.0,0.9992481
0.0,0.00032469977
0.0,0.003733852
0.0,0.026892545
0.0,0.07163069
1.0,0.99846727
0.0,0.036922712
1.0,0.94051176
0.0,1.17743875e-05
0.0,0.0015381111
0.0,0.00046280207
0.0,0.05089517
0.0,0.032165967
0.0,0.23685054
0.0,0.10483614
1.0,0.98307425
1.0,0.9987565
0.0,0.3677691
0.0,1.7422191e-05
0.0,0.96490365
0.0,0.5691306
0.0,0.001380007
0.0,2.075817e-05
0.0,0.20555323
1.0,0.47988352
0.0,0.00049461453
1.0,0.9691106
0.0,0.23999591
0.0,0.00030156248
0.0,0.00943256
0.0,0.6966548
0.0,0.8053944
0.0,0.0012187932
0.0,0.000592147
0.0,9.871636e-06
1.0,0.5968898
0.0,0.081231356
1.0,0.99971753
0.0,0.05175017
0.0,0.00017023286
0.0,0.807985
0.0,0.1437158
0.0,9.4737574e-05
0.0,0.024049073
0.0,0.00017322655
0.0,0.020339284
0.0,0.69286597
0.0,0.13014248
0.0,1.680149e-05
1.0,0.9713677
0.0,2.2960501e-05
0.0,0.28153336
0.0,0.046825096
0.0,0.03560537
0.0,0.070660695
0.0,0.3761657
1.0,0.34308225
0.0,1.9099907e-06
0.0,0.41427258
0.0,0.00096635317
0.0,0.008675822
0.0,8.249605e-05
0.0,0.005944185
0.0,0.00059003773
0.0,0.00013291209
0.0,0.07813164
0.0,0.46508768
0.0,0.0012131574
0.0,0.6356254
0.0,0.0008863976
1.0,0.99502426
0.0,0.064165816
0.0,0.02476803
0.0,0.02147598
0.0,0.85963154
1.0,0.33739775
0.0,0.07345424
0.0,0.34463736
0.0,0.54176176
0.0,0.11575616
1.0,0.86302435
0.0,0.0869427
0.0,0.0015034511
0.0,0.30630302
0.0,0.22102351
0.0,1.1287711e-05
0.0,0.8314318
0.0,0.2662594
0.0,0.9901348
0.0,4.9857965e-05
0.0,0.18900663
1.0,0.01168473
0.0,0.42386454
0.0,0.48339084
0.0,0.25272888
0.0,0.39134797
1.0,0.9715828
0.0,0.002239363
0.0,8.963189e-06
0.0,5.4274613e-05
1.0,0.9883377
0.0,0.032822777
0.0,0.019533541
0.0,0.3889714
0.0,0.00014800194
0.0,2.8755529e-05
0.0,0.04737787
0.0,0.12471617
0.0,0.80668867
0.0,0.0012272906
0.0,0.00030288502
0.0,0.031524356
0.0,0.0002760268
0.0,0.01793242
0.0,0.99419594
0.0,0.022486178
0.0,0.0037965544
0.0,0.2313089
0.0,0.6983521
0.0,0.0008041764
0.0,0.0017846981
0.0,0.022197483
0.0,0.37533414
0.0,0.49473885
0.0,0.9185682
0.0,0.11443783
0.0,1.0599219e-05
0.0,0.09260657
0.0,0.0011649261
0.0,0.25656587
0.0,0.15903035
0.0,0.9202064
0.0,9.115054e-05
1.0,0.72646314
0.0,0.027000047
0.0,0.40271026
0.0,8.8207315e-05
0.0,0.032575715
0.0,0.9980495
0.0,0.09188535
1.0,0.99880874
0.0,0.00792668
0.0,0.026096733
0.0,0.08466339
0.0,0.28817248
0.0,0.58592784
0.0,0.16383643
0.0,0.5291328
1.0,0.8863691
0.0,1.0939153e-06
0.0,0.3920606
0.0,0.610531
1.0,0.9853166
1.0,0.8020941
0.0,0.055637438
0.0,0.02400868
0.0,0.0623623
0.0,0.033996873
0.0,0.4461577
0.0,0.55319196
0.0,0.038973615
0.0,2.388797e-05
0.0,0.0001452041
0.0,0.24532914
0.0,0.63892573
0.0,2.6203383e-05
0.0,0.09498628
0.0,0.2974032
0.0,0.96661824
1.0,0.93736
0.0,0.036140002
0.0,0.49004123
0.0,0.14557214
0.0,0.008875447
0.0,0.15529874
0.0,0.7146356
0.0,0.94375277
0.0,0.23792869
0.0,0.3187766
0.0,0.66056114
0.0,1.0564862e-06
0.0,0.02004111
0.0,0.17273082
0.0,0.017666776
0.0,0.12954615
0.0,0.061113946
0.0,0.09804967
0.0,0.7168297
0.0,2.1746557e-05
0.0,0.4011039
0.0,6.0620758e-05
1.0,0.9488841
0.0,0.84051687
0.0,0.19249642
0.0,0.00013453748
0.0,0.59997153
1.0,0.53341377
0.0,0.000538721
0.0,0.6605094
0.0,0.0148708075
0.0,0.06283332
0.0,0.0007179121
0.0,0.042727455
1.0,0.964622
0.0,0.016838921
0.0,0.005567857
0.0,0.0010889065
0.0,0.003731268
0.0,0.028002191
1.0,0.9466234
0.0,8.640006e-05
0.0,0.06688709
0.0,0.0026023225
0.0,1.7302315e-05
1.0,0.7598724
0.0,0.02296775
0.0,0.3151205
1.0,0.9980902
0.0,0.5865537
1.0,0.9464181
0.0,0.00024407265
0.0,0.56333256
0.0,0.035578456
0.0,0.00045558487
0.0,0.33453676
0.0,0.0021418638
0.0,0.0010990116
0.0,5.146984e-05
0.0,0.345482
0.0,0.18616651
0.0,0.17253979
0.0,0.6527874
1.0,0.99721825
0.0,0.00028770257
0.0,5.107964e-05
0.0,0.43787852
0.0,0.54032946
0.0,0.07648324
0.0,0.00045464607
0.0,0.8026449
0.0,0.06463085
0.0,0.0077174455
0.0,0.3123427
0.0,0.7305863
0.0,0.9487463
0.0,0.5862651
0.0,0.00022461994
0.0,0.29570776
1.0,0.9966792
0.0,0.6251019
0.0,0.662108
0.0,0.0024454948
0.0,1.0166738e-05
0.0,0.0029703716
0.0,0.43620312
0.0,0.12508333
1.0,0.9764682
0.0,0.099380665
0.0,0.00017115602
1.0,0.98112285
0.0,0.0016388273
0.0,0.38213977
1.0,0.96925294
0.0,2.5201425e-05
0.0,0.16217987
0.0,0.11156386
1.0,0.99040246
0.0,0.01748834
1.0,0.022699622
0.0,0.51211524
0.0,0.22377674
0.0,0.9039713
0.0,0.9265063
0.0,0.41745487
0.0,3.7061945e-05
0.0,0.07575367
0.0,0.011883873
0.0,0.00029674935
0.0,0.00011196655
0.0,0.87340146
0.0,0.00022701481
0.0,1.4443037e-05
0.0,0.0031837954
0.0,1.9397416e-05
0.0,0.05918733
0.0,1.1060556e-06
0.0,0.0003967618
0.0,0.0069800043
0.0,0.9723803
0.0,0.16474459
0.0,0.7371618
0.0,0.99127823
1.0,0.9984281
0.0,0.035034247
0.0,0.06022877
0.0,0.060486637
0.0,0.00019456458
0.0,0.002566692
0.0,0.99303293
1.0,0.791738
0.0,0.0026824663
0.0,0.0010803333
0.0,0.08327365
0.0,0.052221995
0.0,0.0060263686
0.0,0.41574186
0.0,0.00013400051
0.0,0.034498636
0.0,0.5189166
0.0,0.8727693
0.0,0.10898224
0.0,0.11134375
0.0,0.71574026
0.0,0.00031407064
0.0,0.019790843
0.0,0.10397086
0.0,0.0019984627
0.0,0.021365019
1.0,0.9548381
0.0,2.0509371e-05
0.0,0.015633704
0.0,0.45943415
0.0,0.034681473
1.0,0.98488253
0.0,0.061328255
0.0,0.013278373
0.0,0.004268984
0.0,0.6909613
0.0,0.060225982
0.0,0.20034683
0.0,0.5025381
0.0,0.64145416
0.0,0.00038147334
0.0,0.23180105
0.0,0.20686159
0.0,0.00025199613
0.0,0.00017578613
0.0,0.015878716
0.0,3.6655685e-05
0.0,0.4347596
0.0,7.202643e-05
0.0,0.00028928826
0.0,0.19622852
0.0,0.16636072
0.0,0.5164834
0.0,0.043868303
0.0,0.5245433
0.0,0.015295878
1.0,0.96626264
0.0,0.018792493
0.0,0.20165338
0.0,0.12775438
0.0,0.01262316
0.0,0.42554057
0.0,0.89919305
0.0,0.8566318
0.0,0.023730095
1.0,0.9578698
0.0,0.00018068474
0.0,0.31132665
0.0,0.0015960672
0.0,0.20233227
0.0,0.008266937
0.0,0.026141781
0.0,0.03507326
0.0,0.42826718
0.0,2.3042781e-05
1.0,0.9916802
0.0,0.07954578
0.0,0.6617732
1.0,0.9627206
0.0,0.0003356311
0.0,0.594629
0.0,0.41857326
0.0,0.0007947214
0.0,0.03203015
0.0,0.6185866
0.0,5.837201e-06
0.0,0.20251991
0.0,0.66083837
1.0,0.6391498
0.0,0.0034076676
0.0,0.0035601011
0.0,0.0053800363
0.0,0.82989496
0.0,5.3331028e-06
0.0,0.49414316
0.0,0.09855245
1.0,0.84413266
0.0,0.7003706
0.0,0.19998346
0.0,0.14176343
0.0,0.0013324476
0.0,0.00016365449
0.0,0.00020111649
0.0,0.85515475
0.0,0.9608128
0.0,0.0050278413
0.0,0.015766807
0.0,0.34282812
0.0,0.041208196
0.0,0.56497777
0.0,0.010197342
0.0,0.78107935
0.0,0.0029483542
0.0,0.017540263
0.0,0.0009857734
0.0,0.4120033
0.0,0.08785497
0.0,0.00044070452
0.0,0.9660028
0.0,5.0863393e-05
0.0,0.9171448
0.0,0.043529738
0.0,0.0008595339
0.0,0.21903683
0.0,0.8705627
0.0,0.001504713
0.0,0.008572487
1.0,0.85824794
1.0,0.011427525
0.0,0.001113105
0.0,0.68324697
0.0,0.58592784
0.0,0.418246
0.0,0.8093584
0.0,0.0028668477
0.0,0.2447304
0.0,0.00051576004
0.0,0.05772116
0.0,0.35865048
0.0,0.044617392
0.0,0.06963117
0.0,9.430677e-06
0.0,0.104606375
0.0,0.005602476
1.0,0.4677295
0.0,0.07945396
0.0,0.0017969632
0.0,0.40626064
0.0,0.00021051841
0.0,0.0027377803
0.0,9.341376e-07
0.0,0.0026699582
0.0,0.0010460822
0.0,0.00037470416
0.0,0.0018114272
0.0,0.078967094
0.0,0.05778123
0.0,0.00022021022
0.0,0.54616475
0.0,0.27111283
0.0,0.05630691
0.0,0.12455768
0.0,0.7243274
0.0,0.00014314844
0.0,0.001696043
0.0,0.0011128193
0.0,9.9161814e-05
0.0,0.51785445
0.0,0.7213711
0.0,0.08181604
0.0,0.6338922
0.0,0.00223608
0.0,0.8536609
0.0,2.720535e-05
0.0,4.5627185e-06
0.0,0.01003047
0.0,0.00010248772
1.0,0.9915418
0.0,0.124025404
0.0,0.3456594
1.0,0.6163867
0.0,7.511586e-05
0.0,0.02866188
0.0,0.9411595
1.0,0.7513216
0.0,0.00012155418
0.0,0.0040122364
0.0,0.28284276
0.0,0.17555879
0.0,0.0081615085
0.0,0.019213961
1.0,0.006715596
0.0,0.20299073
1.0,0.9930184
0.0,0.54708123
1.0,0.99199295
0.0,0.00032415576
0.0,0.034312382
0.0,0.89390665
0.0,0.07932423
0.0,0.1274188
0.0,9.274319e-05
0.0,0.3139138
0.0,0.8440169
0.0,0.069466
0.0,0.6528596
0.0,0.5885371
0.0,0.12831333
0.0,0.11237579
0.0,0.97846323
0.0,0.5324923
0.0,0.9206569
0.0,0.08584612
0.0,0.9203335
0.0,0.10654828
0.0,0.21999899
0.0,0.14330558
0.0,0.00037401734
1.0,0.90067714
0.0,0.9997192
0.0,0.13134839
0.0,0.002891201
0.0,0.8150993
0.0,0.0888075
0.0,0.104427606
0.0,0.004370919
0.0,0.0011982447
0.0,0.00029188386
0.0,0.9411525
0.0,0.99613535
0.0,0.8077252
0.0,0.06798826
0.0,0.004601991
0.0,0.19723564
1.0,0.98144996
1.0,0.9862002
0.0,0.95318776
0.0,0.11951706
0.0,7.755312e-05
0.0,0.58804685
0.0,1.8204779e-06
0.0,0.00026196043
0.0,0.9981552
0.0,0.00015743612
0.0,0.0036498932
0.0,7.649238e-05
0.0,0.15154366
0.0,3.5189867e-06
0.0,0.006370428
0.0,0.60674745
0.0,0.031193938
0.0,0.0013628477
0.0,0.0004274022
0.0,0.051957894
0.0,0.0030186423
0.0,0.70958054
0.0,0.0013794176
0.0,0.0020598096
0.0,0.24669631
0.0,0.726661
0.0,0.10070883
0.0,0.2948757
0.0,0.7407775
0.0,0.0008049341
0.0,0.014372694
1.0,0.989906
0.0,0.009390727
0.0,4.553976e-06
1.0,0.9955201
0.0,1.659557e-05
0.0,0.014978719
0.0,0.059524678
0.0,0.26702356
0.0,0.0024065706
0.0,0.3152344
0.0,0.016383734
0.0,0.020991785
0.0,0.21690696
0.0,0.016375005
0.0,0.9405318
0.0,0.18547766
0.0,0.001796274
0.0,0.028914375
0.0,1.37360275e-05
0.0,7.5764685e-05
0.0,0.00040721256
0.0,0.97988075
0.0,0.15677622
0.0,0.00185366
0.0,0.5683275
0.0,0.51977146
0.0,0.00020631542
0.0,0.14917608
1.0,0.51805
0.0,0.049719926
1.0,0.6824215
0.0,0.006459874
0.0,7.197072e-07
1.0,0.717695
0.0,0.22535013
0.0,0.71657693
0.0,0.2569821
0.0,0.14615422
0.0,0.24383594
0.0,0.011797161
0.0,8.669701e-05
0.0,0.0006617116
0.0,0.106017455
1.0,0.97558457
0.0,0.0006084911
0.0,0.00010917035
0.0,0.0027697207
0.0,0.013736318
0.0,0.019786399
0.0,0.00010497043
0.0,1.5882819e-05
0.0,4.794003e-05
0.0,2.6872849e-05
0.0,0.77407247
0.0,4.0602823e-05
0.0,0.0019638436
0.0,0.005185886
0.0,0.00029123147
0.0,0.020970382
0.0,0.00039872553
0.0,0.001868246
0.0,0.028013652
0.0,0.00041611432
0.0,0.44628203
0.0,0.28097135
0.0,0.0054341676
0.0,0.13232519
0.0,3.746092e-05
1.0,0.9582243
0.0,0.18165186
0.0,1.3096685e-05
0.0,0.62527454
0.0,0.0018283571
0.0,0.38009554
0.0,0.010550678
0.0,4.2181564e-06
0.0,0.0032678747
0.0,0.052666705
0.0,0.019037327
0.0,0.29786667
1.0,0.45325726
0.0,0.18518595
0.0,0.0005104537
0.0,0.06083019
0.0,4.9522187e-05
0.0,3.6743004e-05
0.0,0.09388855
0.0,0.7281411
0.0,0.55637586
0.0,0.0016306954
0.0,1.6836986e-05
0.0,0.98563343
0.0,0.0012756906
0.0,0.17223178
0.0,0.82679725
0.0,0.03333517
1.0,0.98436916
0.0,0.51396453
0.0,0.7119122
0.0,2.3582623e-05
0.0,0.92370903
0.0,4.138482e-05
0.0,0.00024238833
0.0,6.810649e-05
0.0,7.201105e-05
1.0,0.9940758
0.0,0.19963723
0.0,0.09108402
0.0,0.030170215
0.0,0.0045256014
0.0,0.011498855
0.0,0.050108332
0.0,0.00038205436
0.0,0.1665151
0.0,4.688912e-05
0.0,0.0007167032
0.0,0.29932767
0.0,0.10610953
0.0,0.18424259
0.0,0.5178273
1.0,0.9661886
0.0,1.497114e-05
0.0,0.015733153
0.0,0.00012261704
0.0,0.021207595
0.0,0.06469445
0.0,2.8925475e-05
0.0,0.00052017876
1.0,0.99650335
0.0,0.019721469
0.0,0.0010228184
0.0,0.0037258232
0.0,0.15592918
0.0,0.001030273
0.0,1.3576807e-06
0.0,0.07919502
0.0,0.03868122
0.0,0.5589455
0.0,0.22958069
0.0,0.6953393
0.0,0.64330417
0.0,0.078418806
0.0,0.08493242
0.0,1.1202253e-06
0.0,0.14022891
0.0,0.00010960803
0.0,0.0003537335
0.0,0.051703274
1.0,0.5987758
0.0,0.00066521746
1.0,0.59226
0.0,0.00076673616
0.0,0.0040350887
0.0,2.1202188e-05
0.0,0.09755943
0.0,0.003131601
1.0,0.4707506
1.0,0.91565067
1.0,0.8086658
0.0,0.061247144
0.0,0.8705782
0.0,0.53491145
0.0,0.049545534
0.0,0.18250763
0.0,0.011565207
0.0,0.0071545634
0.0,0.9307804
0.0,0.62105644
0.0,1.9291151e-06
1.0,0.99701643
0.0,9.341652e-05
0.0,0.08705401
1.0,0.9972729
0.0,0.0045152567
1.0,0.8931122
0.0,5.0983513e-06
0.0,0.00076610554
1.0,0.0010772645
0.0,0.00025332803
0.0,0.0012128899
0.0,0.031291522
0.0,0.0007074734
0.0,0.09938567
0.0,0.18409736
0.0,0.00024859127
0.0,0.3522366
1.0,0.99691474
0.0,0.2190042
0.0,0.94666415
0.0,0.0029561047
0.0,0.00060204446
0.0,0.00059664034
0.0,0.11197832
0.0,0.0129204495
0.0,0.00038560602
0.0,9.381521e-05
0.0,0.919161
0.0,0.16701841
0.0,0.9873258
0.0,0.59501
0.0,0.39636466
0.0,0.0141653055
0.0,0.29018107
0.0,0.030154385
0.0,0.0012301151
0.0,0.7088834
0.0,0.0113978395
0.0,4.676618e-05
0.0,0.8853883
0.0,5.8740527e-05
0.0,0.031666443
0.0,0.0019554836
0.0,0.051626503
0.0,0.4793085
0.0,0.068238616
0.0,0.9387874
0.0,8.438759e-05
0.0,0.26293424
0.0,0.0037951837
1.0,0.95331234
0.0,0.8651664
0.0,0.00012991
0.0,0.16304812
0.0,0.6727027
0.0,0.0013406172
0.0,0.0057260534
0.0,0.039969258
0.0,0.7259158
0.0,0.035582818
0.0,0.08530433
0.0,0.15561329
1.0,0.9149908
0.0,0.22037496
0.0,0.950129
0.0,0.026789667
0.0,1.5329571e-05
0.0,0.008590041
0.0,6.406757e-06
0.0,0.026087573
0.0,0.0021573019
1.0,0.9658933
0.0,0.0001811284
0.0,0.000383159
0.0,0.024015078
0.0,0.014462715
0.0,4.2589065e-05
0.0,0.0002652523
0.0,0.034028668
0.0,0.400309
0.0,6.891287e-05
0.0,0.00024265259
0.0,0.00204442
0.0,0.025579674
0.0,0.00023609553
0.0,7.2382527e-06
0.0,0.45317253
0.0,0.000594765
0.0,6.778848e-05
0.0,0.55445725
0.0,0.07863798
0.0,0.027169041
0.0,0.69505304
0.0,0.056620587
0.0,0.15110554
0.0,0.915279
0.0,0.15787955
0.0,0.385357
1.0,0.9521568
0.0,0.60333717
0.0,0.5127006
0.0,0.5799581
0.0,0.0020946604
0.0,0.15544079
0.0,0.42063814
0.0,0.00094167306
0.0,0.17445144
0.0,0.014248563
0.0,3.895496e-06
0.0,0.00019404897
0.0,0.0005975982
0.0,0.0053524375
0.0,0.30541158
0.0,0.06377823
0.0,0.018220749
0.0,0.0068120207
0.0,0.00011063565
1.0,0.7568567
0.0,0.0003139132
0.0,0.00066055823
1.0,0.9899127
0.0,0.15315336
1.0,0.0055337576
0.0,0.00014551874
0.0,0.20421293
0.0,0.17772007
0.0,8.0643156e-05
0.0,6.361809e-05
0.0,0.0019695912
0.0,0.00021632262
0.0,4.0319437e-06
0.0,0.38396233
0.0,0.08662747
0.0,2.1837997e-05
0.0,0.01796886
0.0,0.89443684
0.0,0.43772057
0.0,6.1907635e-06
0.0,0.00064074004
0.0,0.55899435
0.0,0.0032033587
0.0,0.10220092
1.0,0.9715927
0.0,0.19832532
0.0,0.011374989
0.0,0.0037887495
0.0,0.31108144
0.0,0.14587173
0.0,0.05151468
0.0,0.06766743
0.0,0.0013038235
0.0,0.059561666
0.0,0.0002669231
0.0,0.42025468
0.0,0.0001427605
0.0,0.039799094
0.0,0.53830034
1.0,0.9818964
0.0,0.01081531
0.0,0.001792893
0.0,0.05027562
0.0,0.014706804
0.0,0.021529587
0.0,0.48751494
0.0,0.16718596
0.0,0.023435503
0.0,0.61471856
0.0,0.06299336
0.0,0.40913552
0.0,0.9361539
0.0,9.3547475e-05
0.0,0.96363586
0.0,0.116909236
0.0,0.81221765
0.0,0.870485
0.0,4.7929745e-05
0.0,1.0833427e-05
0.0,0.00295269
0.0,0.098537065
0.0,1.7677114e-05
1.0,0.99707544
0.0,0.17866825
1.0,0.9565424
0.0,0.8916195
0.0,0.0007567202
1.0,0.8003953
0.0,0.1998881
0.0,0.000112705995
0.0,0.030440878
0.0,0.46825874
0.0,0.00035845113
0.0,0.72085345
1.0,0.8805232
0.0,0.0027304785
0.0,0.0025653203
0.0,0.16775268
0.0,4.7731824e-05
0.0,0.085560806
0.0,0.5759751
1.0,0.96117175
0.0,0.17675716
0.0,0.09008408
0.0,1.3410711e-05
0.0,2.4654768e-05
0.0,0.24782123
0.0,0.294897
0.0,0.00010398065
0.0,0.039839897
0.0,0.00033647113
0.0,5.1873767e-06
0.0,0.34328464
0.0,0.00011805782
0.0,0.78120977
1.0,0.05638047
0.0,0.014782046
0.0,0.029422397
0.0,0.5259185
0.0,0.9163154
0.0,0.15988405
0.0,1.7164723e-05
0.0,0.82087284
0.0,0.064789005
0.0,0.042176567
0.0,0.64769185
0.0,8.1274675e-06
0.0,0.00039112667
0.0,0.070671864
0.0,0.014979233
0.0,0.073685385
0.0,0.72380716
0.0,0.032787118
0.0,0.11163087
1.0,0.97059053
0.0,0.0018792624
0.0,0.38582483
0.0,0.6708881
0.0,0.0010924569
0.0,0.00013752042
0.0,0.8519349
0.0,0.20928232
0.0,0.89570004
0.0,0.33080584
0.0,6.0342145e-06
0.0,0.00059376506
0.0,0.34343123
0.0,0.13671477
0.0,0.0021593506
1.0,0.5777374
0.0,7.319737e-05
0.0,0.02058058
0.0,0.20337984
0.0,0.009105411
0.0,0.028934525
0.0,0.7736561
0.0,0.0041513895
1.0,0.9462504
0.0,0.0009796992
0.0,0.0017155274
0.0,0.0841643
1.0,0.009080505
0.0,0.8284264
0.0,0.58974123
0.0,2.2970225e-05
1.0,0.9903638
0.0,0.0001627651
0.0,0.040032707
0.0,0.001843554
0.0,0.024415385
0.0,0.06594241
0.0,0.001283858
0.0,0.07392488
0.0,0.8338807
0.0,0.010103097
0.0,0.00046946044
0.0,0.0004261524
0.0,0.044260006
0.0,0.0341013
1.0,0.9949858
0.0,0.0011650599
0.0,0.10443568
0.0,6.974335e-05
0.0,0.00043574435
0.0,0.025309607
0.0,0.80611223
0.0,0.015134878
0.0,3.2884448e-06
0.0,0.00011214307
0.0,0.34296778
0.0,0.1618309
0.0,0.0057175704
0.0,0.0061339857
1.0,0.8877719
0.0,0.06428407
0.0,0.00062900485
0.0,0.07217682
0.0,0.90437627
0.0,0.9821187
0.0,0.083279185
0.0,0.03743306
0.0,2.886542e-06
0.0,0.42111823
0.0,0.0010284662
0.0,0.47151974
0.0,0.0006456698
0.0,0.0055253385
0.0,0.8467588
0.0,0.008860908
0.0,0.5730819
0.0,0.14149402
0.0,0.00030628106
0.0,0.025521198
0.0,0.00018394322
0.0,5.6533663e-05
0.0,0.42815545
0.0,0.0042767297
0.0,0.060393766
0.0,3.276195e-05
0.0,0.46031666
0.0,0.028178118
0.0,0.08062519
0.0,7.92289e-07
0.0,0.21509737
0.0,0.00042090548
0.0,0.92197925
0.0,0.5480741
0.0,0.025462518
0.0,0.41228014
0.0,0.00021290522
0.0,0.015873866
0.0,0.21238902
0.0,0.8349795
0.0,0.07717995
0.0,0.00826809
0.0,0.03556527
0.0,0.6202782
0.0,2.8498504e-05
0.0,0.6463829
0.0,0.5981082
0.0,0.8444873
0.0,0.03801255
1.0,0.8560566
1.0,0.98749197
0.0,7.235583e-05
0.0,0.42315692
0.0,0.8290512
1.0,0.76042706
0.0,0.095388174
0.0,0.97742325
0.0,0.5720912
0.0,0.8802747
0.0,0.004788286
0.0,0.57350135
0.0,0.0013636915
0.0,0.010879008
1.0,0.9816775
0.0,0.0012757891
0.0,0.58868885
0.0,0.04977303
0.0,0.10122456
0.0,0.00017306922
1.0,0.99933285
0.0,0.016535085
0.0,0.033968717
0.0,2.0935786e-05
0.0,0.07831547
0.0,0.08194206
0.0,0.015958477
0.0,0.20789248
1.0,0.7337105
0.0,0.7894991
0.0,0.00067783985
0.0,0.008748695
0.0,4.399393e-05
0.0,6.1251035e-07
0.0,1.2103135e-05
0.0,0.00012106486
0.0,0.10249282
0.0,0.00019718464
0.0,0.4429177
0.0,0.4204595
0.0,0.6139299
0.0,0.12951255
1.0,0.94408727
0.0,0.10461955
0.0,0.016695268
0.0,0.6808311
0.0,0.0009682296
0.0,0.02555535
0.0,0.02095235
0.0,0.39853
0.0,0.8574199
0.0,2.7778155e-05
1.0,0.8219436
0.0,0.9953982
1.0,0.20426874
0.0,0.00010642785
0.0,0.0019063551
0.0,0.7640609
0.0,0.87380326
0.0,0.03374352
0.0,0.11225481
0.0,0.002673062
0.0,0.00091754814
0.0,0.025099808
0.0,0.014984546
0.0,0.28619894
0.0,0.93154764
0.0,0.07366101
0.0,0.00016595947
0.0,0.0027370749
0.0,0.3922045
0.0,0.20941846
0.0,0.40189308
0.0,0.17017585
1.0,0.09679931
0.0,0.8529172
0.0,0.36692762
0.0,0.002667774
1.0,0.96776575
0.0,0.0005628014
0.0,0.17710768
0.0,0.000120165016
1.0,0.29992297
0.0,1.098219e-05
0.0,0.09505596
0.0,0.8812022
0.0,0.07020288
0.0,2.7868475e-05
0.0,0.07305319
0.0,1.5823327e-05
0.0,0.6125808
0.0,0.04817211
0.0,0.8842938
0.0,0.2601277
0.0,0.084948614
0.0,0.009665145
0.0,0.00078389957
0.0,0.012191066
0.0,0.27592131
0.0,0.028643586
1.0,0.7881389
0.0,6.323667e-05
0.0,0.46356606
1.0,0.9995517
0.0,0.1149738
0.0,0.02386238
0.0,0.50177854
0.0,0.001243159
0.0,0.09218347
0.0,0.0015484523
0.0,0.00033514076
0.0,0.31481415
0.0,0.12174286
0.0,0.00790562
0.0,0.0006724906
0.0,0.83707315
0.0,0.11064565
0.0,0.63742614
0.0,0.9791404
0.0,0.00014474722
0.0,2.3337937e-07
0.0,0.36801845
0.0,0.00067296124
0.0,0.0027920643
1.0,0.9539349
0.0,0.00096516486
0.0,0.07692206
0.0,2.982398e-05
0.0,0.04695573
0.0,0.12686911
0.0,0.0035643273
0.0,0.091729224
0.0,0.00011972466
0.0,0.95111716
0.0,0.054171223
0.0,0.9230627
1.0,0.9707375
0.0,0.2701601
0.0,0.08452896
0.0,0.00044406447
0.0,0.13190365
0.0,0.1651632
0.0,0.00030399446
0.0,0.01475776
0.0,0.071086526
1.0,0.5388315
0.0,0.14923227
0.0,0.013620176
0.0,0.91358274
0.0,0.31305286
0.0,0.000380074
0.0,0.17160827
0.0,0.008372663
1.0,0.8417869
0.0,0.26982352
0.0,0.00016339286
0.0,0.027750984
0.0,0.0042094872
0.0,0.0046029803
0.0,0.07286774
0.0,0.0072922315
1.0,0.92761934
0.0,1.1718149e-06
0.0,0.10075627
1.0,0.94892144
0.0,0.00031983628
0.0,0.057922415
0.0,0.45790645
0.0,0.58860356
0.0,0.0010927884
1.0,0.9834313
0.0,0.79470366
1.0,0.97479564
0.0,0.042268332
0.0,5.0937797e-05
0.0,0.3615829
0.0,0.895421
0.0,0.4377595
0.0,0.02713871
0.0,0.5956292
0.0,0.051927965
0.0,0.58592784
0.0,0.43298063
0.0,0.28469968
0.0,6.574981e-07
0.0,2.4219414e-06
0.0,0.084731795
0.0,0.5459343
0.0,0.20612046
0.0,0.012051763
0.0,0.04631554
0.0,1.2861381e-05
0.0,0.4433726
0.0,0.019547245
0.0,0.0036571538
0.0,0.12889677
0.0,0.0003753835
0.0,0.0009567122
0.0,0.36138225
0.0,0.15480596
0.0,0.11579928
1.0,0.91389334
0.0,9.156845e-05
0.0,0.56066203
0.0,0.00014500626
0.0,0.9084319
0.0,0.010431458
0.0,0.91868067
0.0,0.2715155
0.0,0.10500973
0.0,0.4115137
0.0,0.44406724
0.0,0.08307034
0.0,0.055258103
0.0,0.53146243
0.0,0.000389519
1.0,0.88989586
0.0,0.22435783
0.0,1.2746207e-06
0.0,0.0017008982
0.0,2.762928e-05
1.0,0.89294004
0.0,0.012069291
1.0,0.98047316
0.0,0.058276094
0.0,7.8736455e-05
0.0,2.2374427e-06
0.0,0.1731895
0.0,0.0006118955
0.0,0.8820679
0.0,0.013377516
0.0,0.0003511047
0.0,0.035626173
1.0,0.64025503
0.0,0.0015679515
0.0,0.91999316
0.0,0.016219549
0.0,0.0945281
0.0,0.74613726
0.0,3.4554746e-06
0.0,0.00012195275
1.0,0.9996625
0.0,0.17616051
0.0,0.0031296127
0.0,9.150873e-06
0.0,0.1450547
0.0,0.0075196614
0.0,0.016396035
0.0,0.000105428066
0.0,0.00022704662
0.0,0.00011286398
0.0,0.09566128
0.0,7.594654e-06
0.0,0.003577536
0.0,0.00021248459
0.0,0.005493152
0.0,1.9281383e-06
1.0,0.9985153
0.0,0.10202904
0.0,6.872184e-05
0.0,0.9483549
0.0,0.00063952024
0.0,0.44214457
0.0,0.04739985
0.0,0.05438979
0.0,6.820704e-05
1.0,0.5331746
0.0,0.0002134931
1.0,0.92234117
0.0,0.026272794
1.0,0.9258032
0.0,0.8631679
0.0,0.27517694
1.0,0.97698444
0.0,0.0055948887
0.0,0.0011599002
0.0,0.58592784
0.0,0.0018090586
0.0,1.3960549e-05
0.0,0.26007548
0.0,0.99534225
1.0,0.873824
0.0,0.53527296
0.0,0.03150411
0.0,0.01643341
0.0,4.180265e-05
0.0,0.048394617
0.0,0.05185168
0.0,0.03373489
0.0,0.18335177
0.0,0.122739404
0.0,4.519196e-05
0.0,0.00012388408
0.0,0.00046524324
0.0,0.0050011026
0.0,0.9604742
0.0,0.0065607517
0.0,0.065531954
0.0,0.064332806
0.0,0.00013015748
0.0,0.19342673
0.0,0.007789799
0.0,0.009890473
0.0,0.0036268253
0.0,0.058651574
0.0,0.1758553
0.0,0.20607407
0.0,0.016450886
0.0,0.00024617137
0.0,0.26596758
0.0,0.86495036
0.0,0.9980248
0.0,0.0006604748
0.0,0.39941043
0.0,0.0564647
0.0,3.576618e-05
0.0,0.02209332
0.0,0.00020273474
0.0,0.09631796
0.0,0.0061956733
0.0,0.00022946316
0.0,0.0020336446
0.0,4.360426e-06
0.0,0.0006409755
0.0,0.0003791499
0.0,0.22900362
0.0,0.009107503
0.0,0.0065452214
0.0,0.70021665
0.0,0.033910535
1.0,0.9885794
0.0,0.00033845325
0.0,0.7046852
0.0,5.8861144e-05
0.0,0.0010732879
0.0,5.861423e-05
0.0,0.012932537
0.0,7.435132e-05
0.0,0.288538
0.0,0.000114985545
1.0,0.99848264
0.0,0.5807402
0.0,0.42183274
1.0,0.99839145
0.0,0.48640367
0.0,0.006473471
0.0,0.6369225
0.0,0.00015779938
0.0,0.00024475568
0.0,0.121559665
0.0,0.0001966259
0.0,0.023993611
1.0,0.7574238
0.0,0.5379137
0.0,6.1023344e-05
0.0,0.13308188
0.0,3.8968145e-05
0.0,0.00026732474
0.0,0.12037408
1.0,0.7365462
0.0,0.039006677
0.0,0.96726614
1.0,0.8564385
0.0,0.05133071
0.0,0.09489299
0.0,0.003907274
0.0,0.0007111243
0.0,0.008358054
1.0,0.87791675
1.0,0.97672755
0.0,0.013583484
0.0,5.6354584e-05
0.0,0.4558267
0.0,0.0012016344
0.0,0.0009873139
0.0,0.9327065
0.0,7.877218e-06
0.0,7.498282e-05
0.0,0.05388477
0.0,1.5562882e-05
0.0,0.29027095
0.0,0.015852144
0.0,0.03432703
0.0,0.09679384
0.0,0.0004483656
1.0,0.99579227
0.0,0.010375561
0.0,0.012811833
0.0,0.0012627022
0.0,0.43894768
0.0,5.419295e-05
1.0,0.52510816
0.0,0.00019108663
0.0,0.59971994
0.0,0.9442237
0.0,0.21466987
0.0,0.6268417
0.0,0.4544877
0.0,0.41422155
0.0,7.1044906e-06
0.0,0.10384372
0.0,0.00051921624
0.0,0.0010808948
0.0,0.5836082
0.0,0.33148748
0.0,1.0193701e-06
0.0,0.34423286
0.0,0.18512031
1.0,0.6136642
0.0,0.00055513484
0.0,0.026351865
1.0,0.96825165
0.0,0.104299806
0.0,0.20832078
0.0,0.8885394
0.0,0.0015178842
0.0,0.11208792
0.0,0.06924539
0.0,0.4418419
0.0,0.5646671
0.0,0.00015734561
0.0,5.5690423e-05
0.0,0.70863956
0.0,0.6339976
0.0,5.6474342e-05
0.0,0.013856302
0.0,0.42197788
0.0,1.6151636e-05
0.0,3.9826003e-07
0.0,0.0001027384
1.0,0.98258096
0.0,0.013107779
0.0,0.90811443
0.0,6.056517e-05
0.0,0.16491638
0.0,0.00016332806
0.0,0.00020811672
0.0,6.894199e-05
0.0,0.38552502
0.0,0.8566212
0.0,0.00078520336
0.0,0.08220116
0.0,0.016258957
0.0,0.0035543342
0.0,0.012838813
0.0,0.14233692
0.0,0.012924505
0.0,0.353738
0.0,8.93847e-05
0.0,0.58550894
0.0,0.014175051
0.0,0.18336028
0.0,0.008247704
0.0,0.10112273
0.0,0.02358345
0.0,0.00055554375
0.0,5.4587614e-05
0.0,0.43139306
0.0,0.8784453
0.0,0.013042576
0.0,0.001999419
0.0,0.08447696
0.0,0.10683071
0.0,0.78493327
0.0,0.6243366
0.0,0.0001695295
0.0,0.0027475334
0.0,0.12518689
0.0,0.20686917
0.0,0.0010398894
0.0,0.2702684
0.0,0.14027143
1.0,0.9857554
0.0,0.13150395
0.0,0.14376517
0.0,0.58592784
0.0,0.015204835
0.0,0.0005081039
1.0,0.7499139
0.0,8.992665e-05
0.0,0.0027367
0.0,0.25947237
0.0,0.0009145609
0.0,0.00020280726
1.0,0.9757756
0.0,0.7276401
0.0,0.12203483
0.0,0.00012415537
0.0,0.00033064757
0.0,0.4732591
0.0,0.06541622
0.0,0.085594036
1.0,0.9969118
0.0,0.98110425
0.0,0.27905217
0.0,0.81811064
0.0,0.9040855
0.0,0.68478876
0.0,0.6373783
0.0,0.0005984454
1.0,0.9029604
0.0,0.0016915455
1.0,0.96315986
0.0,0.078395575
0.0,0.3310159
0.0,0.29453045
0.0,0.9534341
0.0,0.0073216558
0.0,0.6625306
0.0,0.07226764
0.0,0.09491906
0.0,2.2778437e-05
0.0,0.019090228
1.0,0.54264927
0.0,0.77970695
0.0,0.086298674
0.0,0.00915657
0.0,0.00048377918
0.0,0.31105548
0.0,0.5109321
0.0,0.0006114481
0.0,4.0589042e-05
0.0,0.38782936
0.0,0.024474798
0.0,0.060519286
0.0,2.5199812e-05
1.0,0.97371054
0.0,0.7820888
0.0,9.5918214e-05
0.0,0.46955797
0.0,0.08072112
0.0,7.483346e-06
0.0,0.00016877052
0.0,0.1825266
0.0,0.3312917
0.0,0.0007840057
0.0,1.7293685e-05
0.0,0.009023984
1.0,0.3985718
0.0,0.07470985
0.0,0.2417057
0.0,0.73651683
0.0,0.057103008
0.0,0.5458862
0.0,4.9957293e-05
0.0,6.133006e-07
0.0,0.00035220603
0.0,0.65075237
0.0,0.00023947992
1.0,0.7214919
0.0,0.000109088345
1.0,0.99607605
0.0,0.15968208
0.0,0.000350386
0.0,0.00030134292
0.0,0.004188399
0.0,0.29199943
0.0,0.0015230392
0.0,0.94662976
0.0,0.0012741357
0.0,0.000107200525
0.0,0.011616109
1.0,0.9126389
0.0,0.013118814
0.0,0.13404694
0.0,0.17443469
0.0,0.38986063
0.0,0.6894341
0.0,0.8882425
0.0,0.2653508
0.0,0.001153975
0.0,0.29464048
0.0,0.11951207
0.0,4.5140703e-05
0.0,2.7237462e-05
0.0,0.97098786
0.0,1.5903954e-06
0.0,0.3793586
0.0,0.00023141243
0.0,0.00068802194
0.0,0.23965774
0.0,0.1654335
0.0,0.09060833
0.0,0.57594997
0.0,0.0005930117
0.0,3.7006925e-05
0.0,0.9839565
0.0,0.0734415
0.0,0.00047375364
0.0,0.0246143
1.0,0.9118616
0.0,2.8588847e-05
0.0,0.10064629
0.0,0.0002936188
1.0,0.92881113
0.0,0.6004105
0.0,0.9206213
0.0,0.17385718
0.0,0.000192434
0.0,0.049567174
0.0,0.0034776374
0.0,0.0014582354
0.0,0.6530546
0.0,0.012398676
0.0,0.024194239
0.0,0.088110514
0.0,5.2825886e-05
0.0,0.303333
0.0,7.0509577e-06
0.0,0.65632224
0.0,0.0007504509
0.0,0.9963542
0.0,0.0015029344
0.0,0.97382563
0.0,0.008176347
0.0,0.841062
0.0,0.094286144
0.0,0.102529846
0.0,1.7792781e-05
0.0,3.1978117e-05
0.0,0.00043319477
0.0,0.04007954
0.0,0.0031105222
0.0,0.27713832
0.0,0.36438847
0.0,0.094663665
0.0,0.9739134
0.0,0.16290775
0.0,0.005044189
0.0,0.5109986
0.0,0.51413846
0.0,0.4430882
0.0,0.0029195591
0.0,0.6342697
0.0,0.07317382
0.0,0.49611405
0.0,1.2490831e-06
0.0,0.0007124758
0.0,0.075248025
0.0,0.37587002
0.0,9.122167e-05
0.0,5.5538476e-06
0.0,0.00036663725
0.0,0.0008471757
0.0,0.00559291
0.0,0.12091393
0.0,0.5211972
0.0,0.45670035
0.0,0.30964503
0.0,0.0033865776
0.0,0.58592784
0.0,0.00044871448
0.0,0.11820752
0.0,0.25817186
0.0,0.77183145
0.0,0.0029067611
1.0,0.66849816
0.0,1.6220914e-05
0.0,0.22868338
0.0,0.48306528
0.0,0.013956786
0.0,0.79668075
0.0,0.15911983
0.0,0.00088791957
0.0,0.0057317303
0.0,0.18864557
0.0,0.22288081
0.0,0.6551436
0.0,0.060886394
0.0,0.08145943
0.0,0.005128853
0.0,0.04284404
0.0,0.15220687
0.0,0.036559623
0.0,0.1069153
0.0,0.18661578
1.0,0.99640983
0.0,0.00031182612
0.0,0.077529095
0.0,0.61895144
0.0,0.04046714
0.0,0.29014176
0.0,0.0003364907
0.0,0.19490416
0.0,0.009513579
0.0,0.068655826
0.0,0.18680395
0.0,0.8659014
0.0,0.5004429
1.0,0.35040924
0.0,0.00012867074
1.0,0.6763866
0.0,0.7071086
0.0,0.0018460284
0.0,0.0051394477
0.0,0.6384079
1.0,0.115398735
1.0,0.9994267
0.0,0.25723007
0.0,0.013221131
0.0,0.015791362
0.0,0.62350625
0.0,0.044777334
0.0,0.09544302
0.0,0.29404336
0.0,0.8599895
0.0,0.41500652
0.0,2.5460067e-05
0.0,0.00056196033
0.0,0.95417863
0.0,7.757953e-05
0.0,0.75402504
0.0,0.9305836
0.0,0.00042574696
0.0,4.2865076e-06
0.0,0.004408125
0.0,0.09265959
0.0,0.0019062372
1.0,0.7486327
0.0,0.21851702
0.0,0.25831163
0.0,0.0005582995
1.0,0.3974396
0.0,5.5955265e-05
0.0,0.0013338196
0.0,0.0023891553
0.0,0.080202304
0.0,0.91851306
1.0,0.73287237
0.0,0.00023954589
0.0,0.0039300015
0.0,0.000100228746
0.0,0.00011562491
0.0,0.20705864
0.0,0.35142738
0.0,0.078791894
0.0,0.0006745302
0.0,0.00033061887
0.0,0.15249257
0.0,0.011102458
0.0,0.0003459934
0.0,0.0018680796
0.0,0.041781045
0.0,0.3513905
0.0,0.5876708
0.0,0.039848108
0.0,0.017828261
0.0,0.6016185
0.0,0.6177363
0.0,0.07999042
0.0,0.3954658
1.0,0.9835068
0.0,8.411763e-05
0.0,9.419744e-05
0.0,0.8961911
0.0,0.7427297
0.0,0.022112068
0.0,0.000258336
0.0,0.022648465
0.0,0.27733725
0.0,0.0019252701
0.0,0.009110352
0.0,0.055432685
0.0,0.37289044
0.0,0.552178
1.0,0.99627644
1.0,0.085429095
0.0,0.008164662
0.0,0.38202548
0.0,0.24591115
0.0,0.0003117114
0.0,0.0006517463
0.0,0.032533262
0.0,0.0025243186
1.0,0.79940474
0.0,0.12696645
0.0,0.0018483063
0.0,0.95861983
0.0,0.00934208
0.0,0.81602323
0.0,0.21230431
0.0,0.023301737
0.0,0.017002946
0.0,0.004721855
0.0,0.32750136
0.0,0.0036477386
0.0,0.00017262652
0.0,0.00333464
0.0,8.995275e-07
0.0,0.59520954
0.0,0.40852532
0.0,0.20995699
0.0,0.02380635
1.0,0.98151255
0.0,0.23644878
0.0,0.090402946
0.0,0.07762573
0.0,2.0983716e-05
0.0,0.0060196263
0.0,0.07012698
0.0,3.227078e-05
0.0,0.0001249305
0.0,0.0028040388
0.0,3.2705542e-05
0.0,1.5579455e-05
0.0,0.569583
0.0,0.6671968
0.0,0.9085063
0.0,0.0006596099
0.0,0.13138072
0.0,0.15944962
0.0,9.57844e-05
0.0,0.31439275
0.0,0.79748595
0.0,0.00052862853
0.0,0.37816125
0.0,3.2036358e-05
0.0,1.4188263e-06
0.0,0.42954823
0.0,0.0007634316
0.0,0.43510652
0.0,0.0013731034
0.0,0.18290527
0.0,0.118468106
0.0,9.1953125e-06
0.0,0.2591656
0.0,0.00012368933
0.0,0.04362206
0.0,0.0005709183
0.0,0.8840227
0.0,0.6594067
0.0,3.5998717e-06
0.0,0.14031172
0.0,0.00011081831
0.0,0.0016135513
0.0,0.011773408
1.0,0.93819743
0.0,0.0009614565
0.0,0.18120538
0.0,0.033246458
0.0,0.7002616
0.0,0.040276818
0.0,0.56520224
0.0,0.2145976
1.0,0.584523
0.0,0.001277658
1.0,0.6686285
0.0,0.0005822115
0.0,0.014937778
1.0,0.878398
0.0,0.0030011754
1.0,0.591669
0.0,0.0480986
0.0,0.042543877
0.0,1.4664072e-05
0.0,0.26246214
0.0,7.7626224e-05
0.0,0.47979978
0.0,0.58592784
1.0,0.97119415
0.0,0.021319747
0.0,0.9904952
0.0,0.0006130113
0.0,0.057830263
1.0,0.8719508
1.0,0.08634001
1.0,0.9798979
1.0,0.8284681
0.0,0.05698678
0.0,0.00017084883
0.0,0.67057294
0.0,0.0007101582
0.0,0.10434687
0.0,0.0006027027
0.0,0.80873924
0.0,0.839317
1.0,0.5758983
1.0,0.9980323
0.0,0.6338234
0.0,0.02900584
0.0,0.0027561751
0.0,0.09122912
0.0,0.017266056
0.0,0.3985192
0.0,0.0020805171
0.0,0.12151761
0.0,0.8486809
0.0,0.95123506
1.0,0.94863355
1.0,0.9414025
0.0,8.410009e-07
0.0,0.14347586
0.0,0.06795013
0.0,3.091541e-05
0.0,0.14858632
0.0,0.0054700268
0.0,0.024112739
0.0,0.009793768
1.0,0.99831533
0.0,0.48273614
0.0,0.17360726
0.0,0.105981536
0.0,0.16906601
0.0,0.37636653
1.0,0.997505
0.0,0.58592784
0.0,0.80751944
0.0,0.33401412
0.0,0.025206823
0.0,0.04724746
0.0,0.7409499
0.0,0.47151107
0.0,0.32159588
0.0,0.00025951455
0.0,0.31593674
0.0,0.0029330102
0.0,0.32439977
0.0,0.702088
0.0,2.9593955e-05
0.0,0.07124621
0.0,0.4571308
0.0,0.0063969893
0.0,0.038976356
0.0,0.40671787
0.0,0.006784728
0.0,0.21794386
0.0,0.2978647
0.0,0.7011055
0.0,0.003119101
1.0,0.9871977
0.0,0.17673996
1.0,0.6802865
0.0,0.016543662
0.0,0.0008101248
0.0,0.000106598985
1.0,0.9689565
0.0,0.03583924
0.0,0.0072765974
0.0,0.054270063
0.0,0.0156004075
0.0,0.0062540816
0.0,1.9147825e-05
0.0,0.7845677
0.0,0.13960999
0.0,0.043159176
0.0,0.724419
0.0,0.4634205
0.0,0.0482393
0.0,0.10027223
0.0,0.47352645
0.0,0.010365314
0.0,0.6623462
0.0,0.90779555
1.0,0.90715086
0.0,0.70853156
0.0,0.11840318
0.0,0.00087223994
0.0,0.7825471
0.0,0.24522208
0.0,0.11493131
0.0,1.9329732e-06
0.0,0.95866007
0.0,0.0109904045
0.0,0.7991503
0.0,0.8609686
0.0,0.21504013
0.0,0.041004524
0.0,0.6605533
0.0,0.037895285
0.0,0.31361377
0.0,0.00090289256
0.0,0.0029272314
0.0,0.90196294
0.0,0.15127979
0.0,0.03402142
0.0,0.5964026
0.0,1.7118491e-05
0.0,0.0010223814
0.0,0.5078463
0.0,0.013885425
0.0,0.016587911
0.0,0.0008991281
0.0,0.16137412
0.0,0.0005675012
1.0,0.99843687
0.0,0.46437123
1.0,0.97639966
0.0,0.9877566
0.0,0.3789403
0.0,0.0003215521
0.0,0.016623404
0.0,0.00025485863
0.0,0.00015048875
0.0,0.011530063
0.0,0.0003690504
0.0,0.045913186
0.0,0.0025761642
0.0,0.027084101
0.0,4.3886823e-05
0.0,0.35680312
0.0,0.124276705
0.0,0.0035579284
0.0,0.056592252
0.0,0.00034658666
1.0,7.6939876e-05
0.0,0.028128732
1.0,0.9949314
0.0,0.015785562
1.0,0.95006084
0.0,0.030118626
0.0,0.00034258922
0.0,0.0008790005
0.0,0.043699864
1.0,0.9846165
0.0,0.40833437
0.0,0.00015945575
0.0,0.09242145
0.0,0.4800802
0.0,0.0001985019
1.0,0.9803626
0.0,0.0010168717
0.0,6.048774e-06
0.0,0.0005969785
0.0,3.683605e-05
0.0,0.0001517059
0.0,0.028363997
0.0,4.675173e-05
0.0,0.75470203
0.0,3.296211e-05
0.0,0.30847418
0.0,0.0001093896
0.0,0.5681456
0.0,0.027218863
0.0,8.938741e-06
0.0,0.044441998
1.0,0.95600235
0.0,0.013603171
0.0,0.0062191496
0.0,1.3636339e-05
0.0,0.89800745
1.0,0.93236715
0.0,0.0002159521
1.0,0.92283887
0.0,3.3739412e-05
0.0,0.0018064764
1.0,0.79374063
0.0,0.007068888
0.0,0.034949634
0.0,0.98066336
0.0,0.99848855
0.0,0.6054514
1.0,0.22093247
0.0,0.7985476
0.0,0.9492639
0.0,2.8256245e-05
0.0,0.14437202
0.0,2.1976679e-05
0.0,0.2300098
0.0,0.05705476
0.0,0.15791939
0.0,0.09507301
0.0,0.4187746
0.0,0.31114313
0.0,0.029669207
0.0,2.3128929e-05
0.0,0.0016137188
0.0,0.0028210885
0.0,0.2512328
0.0,0.8764684
0.0,0.73816234
0.0,0.3656843
0.0,0.20790565
1.0,0.99660516
0.0,0.01709961
0.0,0.84874475
0.0,0.86419964
0.0,0.55821157
0.0,1.1385259e-05
0.0,0.0004378074
0.0,7.6581055e-05
0.0,6.635101e-05
0.0,0.4854549
0.0,0.018669834
0.0,5.666125e-06
0.0,0.15216996
0.0,4.3328128e-05
0.0,0.11339272
0.0,0.047425997
0.0,0.088341154
0.0,5.897036e-05
1.0,0.8452992
0.0,0.0011879627
0.0,0.0035421702
1.0,0.24352391
0.0,0.00018052665
0.0,0.1118378
0.0,0.0012785437
1.0,0.9291113
0.0,0.00017654554
0.0,2.8965527e-05
0.0,0.23290272
0.0,3.9211773e-07
0.0,0.001298021
0.0,0.4297617
0.0,0.10495785
0.0,0.6731049
0.0,0.56910527
0.0,0.07493357
0.0,2.65947e-05
0.0,0.8782604
0.0,0.00027158073
0.0,0.0003010216
0.0,8.78658e-05
0.0,0.05752162
0.0,0.0038447897
0.0,0.044265073
1.0,0.9693637
0.0,0.0057907123
0.0,0.018614257
0.0,6.0715985e-05
0.0,0.8614097
0.0,0.96218973
0.0,0.09041148
0.0,0.0003800963
0.0,0.9172401
1.0,0.99033445
0.0,0.046700053
1.0,0.9657993
0.0,8.641942e-05
1.0,0.57231146
0.0,8.746488e-06
0.0,0.02165448
1.0,0.97455907
0.0,0.030563995
1.0,0.7003188
0.0,0.005516029
0.0,0.2153962
0.0,0.00035443567
0.0,0.6191957
0.0,0.005195782
1.0,0.5871688
0.0,0.07297056
0.0,0.011395083
0.0,0.024475431
0.0,0.16406307
0.0,0.13711733
0.0,0.000102135804
1.0,0.93484354
0.0,0.059613448
0.0,0.0014482306
0.0,0.005052322
0.0,0.007994363
0.0,0.00215653
0.0,0.03429848
0.0,0.015185112
0.0,0.9868607
0.0,0.03816244
0.0,0.82936573
0.0,0.019904774
0.0,0.008573861
0.0,0.20184964
0.0,0.21875714
0.0,0.13683924
0.0,0.005438246
1.0,0.878401
0.0,0.16709161
0.0,0.022654092
0.0,5.181902e-05
0.0,0.07580152
0.0,0.00038034332
0.0,0.0060760016
0.0,0.014472316
0.0,0.014433764
0.0,0.20012936
0.0,0.056828097
0.0,4.8020513e-05
0.0,0.009737212
0.0,0.640977
0.0,0.00039614976
0.0,0.0009189138
0.0,0.00026116913
0.0,0.0002345749
0.0,0.7333948
0.0,2.5402078e-05
0.0,0.027968971
0.0,0.057025395
0.0,0.99625254
0.0,0.075935215
0.0,0.14234747
0.0,0.01834189
0.0,0.15046044
1.0,0.029825632
0.0,0.058131088
0.0,0.064192966
0.0,0.9152703
0.0,0.15447612
0.0,0.020155836
1.0,0.97096306
0.0,0.0004932231
0.0,0.00044523514
1.0,0.7870237
0.0,0.091973454
0.0,0.06527047
0.0,0.00022827192
0.0,0.014223146
1.0,0.9783261
0.0,0.0019974038
0.0,0.15819073
0.0,0.8282405
0.0,0.030559346
0.0,0.8664824
0.0,5.76715e-05
0.0,0.15490375
1.0,0.9917367
0.0,0.3998695
1.0,0.69341713
0.0,0.04293969
0.0,0.088485666
0.0,0.08102792
0.0,0.7881284
0.0,2.6051518e-06
0.0,0.9252389
0.0,0.00161123
1.0,0.88783514
0.0,0.0014040585
0.0,0.0005960211
0.0,0.1095162
0.0,7.022018e-05
0.0,0.21295373
0.0,0.033772953
0.0,0.9723857
1.0,0.929455
0.0,0.0020399303
0.0,0.005535511
0.0,0.001011683
0.0,0.18284927
0.0,0.5575804
0.0,0.32834104
1.0,0.9843908
0.0,0.00014158095
1.0,0.8710058
1.0,0.98246056
0.0,0.14057569
0.0,0.8842639
0.0,0.58592784
0.0,0.00011460134
0.0,0.044304192
0.0,1.5777662e-06
0.0,0.04784918
1.0,0.98947996
0.0,0.1305216
0.0,0.07140224
0.0,0.090726286
0.0,0.57660234
0.0,0.15477923
0.0,0.4781355
0.0,7.418971e-05
0.0,6.399571e-05
0.0,0.023314904
0.0,0.035151258
0.0,4.1967654e-05
0.0,0.122810826
0.0,0.55353796
0.0,0.9422497
0.0,0.015194728
0.0,0.00026098444
0.0,0.9120612
0.0,0.00015331616
0.0,0.0001484487
0.0,0.00016711792
0.0,0.16772754
1.0,0.9481295
0.0,0.017400945
0.0,0.7124134
0.0,0.5919147
0.0,0.36526397
0.0,0.13446079
0.0,0.12893401
0.0,0.0018806207
0.0,0.0023535988
1.0,0.75113904
0.0,0.8897218
0.0,0.48923162
0.0,0.19982207
0.0,0.19169576
0.0,0.030009769
0.0,0.00034360157
0.0,0.029514749
0.0,0.0007376847
0.0,4.4259286e-05
0.0,0.99512696
0.0,0.018059107
0.0,0.03542743
0.0,0.9869018
0.0,0.0002025734
0.0,3.751633e-05
0.0,0.00040940783
0.0,0.00019546864
1.0,0.94820654
0.0,0.31799302
0.0,2.1539312e-05
0.0,0.045947026
0.0,0.9148604
0.0,0.0025010968
0.0,0.0082705775
0.0,0.027337816
0.0,0.9326803
0.0,2.692292e-05
0.0,0.79123694
0.0,0.0004070864
0.0,0.010134993
0.0,0.017971672
0.0,3.5571445e-06
0.0,0.0062876046
0.0,0.0004894881
0.0,0.0041190186
0.0,0.047282103
0.0,0.9622821
0.0,4.161241e-05
0.0,0.022502271
0.0,1.895206e-05
0.0,0.9669717
0.0,0.13400653
0.0,5.4632554e-05
0.0,0.00023828735
0.0,0.027995879
0.0,0.021772532
1.0,0.40072474
0.0,0.39641896
0.0,5.5298708e-05
0.0,0.00044097012
0.0,0.0007644333
0.0,0.05643412
0.0,0.98257726
1.0,0.59646493
0.0,0.00018893341
0.0,0.00016960988
0.0,1.646151e-06
0.0,0.014102762
0.0,0.1018843
0.0,0.024520976
0.0,0.15051146
0.0,0.1723807
0.0,0.21870297
0.0,0.12865391
0.0,0.06356085
1.0,0.8280372
0.0,0.86860955
0.0,0.0043725357
0.0,1.880506e-05
0.0,0.10539112
0.0,0.0027623628
0.0,0.14929855
0.0,0.00086693704
0.0,0.021173261
0.0,0.63538516
0.0,0.13930391
0.0,0.41548812
1.0,0.9758528
0.0,0.00029686338
0.0,0.00082736334
0.0,0.15177886
0.0,5.5099572e-05
0.0,0.21859938
0.0,0.014959603
0.0,0.53316635
0.0,0.0049360385
0.0,0.036068548
0.0,9.039123e-06
0.0,0.6098486
0.0,0.0008170557
0.0,0.044048164
0.0,0.0016654426
0.0,9.970549e-05
0.0,0.0034786342
0.0,0.5198134
0.0,2.0591959e-05
0.0,1.9309687e-06
0.0,0.18568593
0.0,0.58592784
0.0,0.00011309852
0.0,0.00028744515
0.0,0.07786461
0.0,0.038721595
0.0,0.815226
0.0,0.0742698
0.0,0.8731965
1.0,0.9562197
0.0,0.2394106
0.0,0.7584768
0.0,0.8760019
0.0,0.000641561
0.0,0.028133411
0.0,2.9756196e-05
0.0,0.2107037
0.0,0.010658749
0.0,0.40416858
0.0,7.904151e-05
1.0,0.9868102
0.0,0.28132865
0.0,0.40878034
0.0,9.488395e-05
0.0,0.028958408
0.0,0.016981123
0.0,0.0007782733
0.0,0.0002464865
0.0,0.028418906
0.0,0.00017691965
0.0,0.41553697
0.0,0.1527961
0.0,0.07459197
0.0,0.0014257907
0.0,0.039837107
0.0,0.00016075108
0.0,0.1327242
0.0,0.016815979
0.0,0.052952338
0.0,0.6920578
0.0,6.02844e-06
0.0,0.62161154
0.0,1.4124853e-05
0.0,0.3439313
0.0,0.00010150983
0.0,0.028018348
0.0,0.00043119106
0.0,0.3642046
1.0,0.017661937
0.0,0.0988508
0.0,0.0025936079
0.0,0.0039533316
0.0,0.054291837
0.0,1.35930495e-05
0.0,0.0068835393
0.0,0.12478245
0.0,0.019220656
0.0,0.04750127
0.0,0.031171748
1.0,0.65284604
0.0,0.27810758
0.0,3.3731754e-05
0.0,0.00011400981
0.0,0.043173224
0.0,0.044745006
0.0,0.43531948
0.0,0.00083320815
1.0,0.96808606
0.0,0.50155085
0.0,0.0022944554
0.0,0.00018840884
1.0,0.9836232
0.0,0.9967008
0.0,0.54396576
0.0,0.7435711
0.0,0.7237442
0.0,0.03260096
0.0,0.46952727
1.0,0.87200844
0.0,0.15985928
0.0,0.0016028015
1.0,0.99575484
0.0,0.00042220688
0.0,0.3346073
0.0,0.005494671
0.0,4.67e-05
0.0,0.08115856
0.0,0.13077462
0.0,0.0024196038
0.0,0.051174227
0.0,0.016575726
1.0,0.08616646
0.0,0.0005702361
0.0,0.00044834937
0.0,0.2933827
0.0,0.0036773891
0.0,0.020192148
1.0,0.9582878
0.0,0.9685004
0.0,0.031360768
0.0,0.34085757
1.0,0.560221
0.0,0.99002004
0.0,0.03667301
0.0,0.00060032576
0.0,0.00041794102
0.0,0.06392713
0.0,0.72280043
0.0,0.33676285
1.0,0.44478852
0.0,0.0022207797
0.0,0.3892034
0.0,0.08748976
0.0,0.00012951024
0.0,0.81164765
0.0,0.0007270703
1.0,0.9002667
0.0,0.0033278973
0.0,0.00024519712
0.0,0.03638096
0.0,0.1823687
0.0,0.024238136
1.0,0.9622804
0.0,4.5513087e-05
0.0,0.12674357
0.0,0.48922455
0.0,5.3599168e-05
0.0,0.99981445
0.0,0.00066982745
1.0,0.9877544
0.0,0.03149906
0.0,0.06876451
0.0,0.28517017
0.0,7.1017705e-05
0.0,3.3821496e-05
0.0,0.00046844792
0.0,0.0008303572
0.0,0.30129987
1.0,0.70689446
0.0,0.00463679
0.0,0.0001889325
0.0,0.42406705
0.0,0.00013110816
0.0,0.13840334
0.0,0.0003559427
0.0,0.59605527
0.0,0.25189412
0.0,0.09489311
0.0,0.038765762
1.0,0.99886084
0.0,0.85680383
0.0,5.1599483e-05
1.0,0.80177915
0.0,0.89923537
1.0,0.9285245
0.0,0.006770719
1.0,0.83258545
0.0,0.02226405
0.0,0.119355075
0.0,0.74696064
1.0,0.9540579
0.0,0.30513024
0.0,4.207072e-05
1.0,0.65973634
0.0,0.36406228
1.0,0.9580362
0.0,0.014618383
0.0,0.19053423
0.0,0.08391733
0.0,0.00037408617
0.0,0.3124692
0.0,0.6915553
0.0,0.056534488
0.0,0.37494844
1.0,0.37604794
1.0,0.8581524
0.0,0.00046365225
0.0,0.0752967
0.0,0.0008038767
0.0,0.048950884
0.0,0.0020740426
0.0,0.048700567
1.0,0.89310676
0.0,0.28764963
0.0,0.46100816
0.0,3.2483513e-05
0.0,0.21290126
0.0,0.0002694984
0.0,0.79289556
0.0,0.37960416
0.0,0.03161052
0.0,0.0011304375
0.0,0.33981353
0.0,8.6198725e-07
0.0,4.0780356e-05
0.0,0.93633914
0.0,0.22889757
0.0,0.3074885
0.0,1.1853478e-05
0.0,2.6090129e-05
0.0,0.035265088
0.0,0.005816506
0.0,0.67267334
0.0,0.051072646
0.0,0.018866165
0.0,0.0005089243
0.0,3.0070963e-05
0.0,0.12286458
0.0,0.00034656667
0.0,0.0011329197
0.0,0.10134899
0.0,0.00026266897
0.0,0.000639302
0.0,0.10359171
0.0,0.30924243
0.0,5.6343837e-05
0.0,0.21518582
1.0,0.96030205
1.0,0.9792117
0.0,0.03415108
0.0,0.08783438
0.0,0.7859931
0.0,0.8302142
0.0,0.036546867
0.0,0.14562982
0.0,0.0002161041
0.0,0.023723722
0.0,2.1731296e-06
1.0,0.99799925
0.0,7.8139055e-06
0.0,0.1437253
0.0,0.4619735
0.0,0.029693972
0.0,8.49444e-06
0.0,0.084277615
0.0,1.3621806e-05
0.0,1.1313393e-06
0.0,0.030946117
0.0,2.5365887e-05
0.0,2.398732e-06
0.0,0.009424556
0.0,0.27516162
0.0,0.11082498
0.0,0.5589561
0.0,0.55146396
0.0,0.07208912
0.0,0.9964561
0.0,0.18446873
0.0,3.6796523e-06
0.0,0.10382789
1.0,0.977207
0.0,0.0002757635
0.0,0.52163666
0.0,1.6715747e-05
0.0,0.7560491
0.0,0.4025603
0.0,4.1110143e-05
0.0,0.00091997517
0.0,0.6559902
0.0,0.005791053
0.0,0.24951255
0.0,0.35681003
0.0,0.0035542413
0.0,0.13201827
1.0,0.9942372
0.0,8.2752835e-05
0.0,0.00024911325
0.0,0.21624765
0.0,0.0029215112
0.0,4.289043e-05
0.0,0.11551634
1.0,0.7566783
0.0,0.1522914
0.0,0.71932924
0.0,0.849574
0.0,0.10633625
0.0,0.0042108647
0.0,0.15035024
0.0,0.9077046
0.0,3.3940105e-05
0.0,0.002140797
0.0,0.01551762
0.0,0.00081807154
0.0,0.15098315
0.0,0.3217055
0.0,0.5701363
0.0,0.010894134
0.0,0.00090795575
1.0,0.14328945
1.0,0.8756218
0.0,0.6210483
0.0,0.021104708
1.0,0.998109
0.0,4.9600363e-05
0.0,0.1847216
0.0,0.1229944
0.0,0.76708204
0.0,0.36177757
0.0,0.96513045
0.0,0.01669667
0.0,0.00015675783
0.0,0.44015983
0.0,0.92481565
0.0,0.1960966
0.0,0.41530058
0.0,0.0014935248
0.0,9.282388e-05
0.0,0.69313055
0.0,0.24394928
0.0,0.98214555
0.0,0.009073814
0.0,0.12552258
0.0,0.03546654
0.0,0.07183478
0.0,0.4464686
0.0,0.15884972
0.0,5.3004596e-06
0.0,0.5899164
0.0,0.50352174
0.0,2.5530662e-06
0.0,0.20626538
0.0,0.0017564576
0.0,0.0021035522
0.0,0.10180952
0.0,0.6860728
0.0,0.083424345
0.0,0.00016691755
0.0,0.00019414483
0.0,0.07092464
0.0,0.004857148
0.0,0.029744271
0.0,0.0008558517
0.0,0.85349077
0.0,0.0010038442
0.0,0.04480502
0.0,0.021795513
0.0,0.03288135
0.0,0.0046061077
0.0,0.025056604
0.0,0.4365472
1.0,0.99717987
1.0,0.9761544
0.0,0.669888
0.0,0.00013160719
0.0,0.00085714116
0.0,0.0005237338
1.0,0.9832722
0.0,0.00020635831
0.0,0.0015392122
0.0,0.004129436
0.0,6.0706025e-05
0.0,0.08824569
0.0,1.5592329e-06
0.0,0.036693223
0.0,0.07899389
0.0,5.736926e-05
0.0,0.0017751803
0.0,0.002065434
0.0,0.51976246
0.0,0.020109173
0.0,0.0069044
0.0,6.05464e-08
0.0,0.9758229
0.0,0.27572754
0.0,0.63386434
0.0,0.0013409226
0.0,0.53357977
0.0,0.00022584359
0.0,0.13120791
0.0,0.0007211895
0.0,0.014541133
0.0,0.013481898
0.0,0.03634361
0.0,0.6952002
0.0,0.014747219
0.0,0.00022262428
0.0,0.20037504
0.0,0.07081857
0.0,0.00012464695
0.0,0.7273827
0.0,0.805838
0.0,0.7492145
0.0,0.038902115
0.0,0.77376074
0.0,0.96414113
0.0,0.051044267
0.0,0.023950813
0.0,0.0027215844
0.0,0.42509276
0.0,0.40965417
0.0,0.04146231
0.0,0.17929453
0.0,0.39324448
0.0,9.631268e-05
0.0,0.4844257
0.0,0.117860675
1.0,0.58592784
0.0,5.3422095e-06
0.0,0.002501147
0.0,0.28741568
0.0,0.0019575665
0.0,0.1491669
0.0,0.18601352
0.0,0.06542119
0.0,0.00012539871
1.0,0.9578301
0.0,0.28625607
0.0,6.95038e-05
1.0,0.9909533
0.0,0.3807292
1.0,0.84686184
0.0,1.8248831e-05
0.0,0.08976439
1.0,0.9638729
0.0,0.36356595
1.0,0.9809919
0.0,0.0061773
0.0,2.375301e-05
0.0,0.13682006
0.0,2.9508145e-05
0.0,4.7162448e-05
0.0,0.00011529979
0.0,0.024852902
0.0,0.0042256685
0.0,0.1950466
0.0,0.00040759236
0.0,0.0006670729
0.0,0.013398319
0.0,0.7012676
0.0,0.5579217
1.0,0.9469249
0.0,0.027393257
0.0,0.43478745
0.0,0.05822277
0.0,0.00016375128
0.0,0.064871006
0.0,0.4184142
0.0,0.3353389
0.0,0.9194522
0.0,0.6355671
0.0,0.5861874
0.0,0.76756805
0.0,0.5400108
0.0,0.0052360394
0.0,0.03288479
0.0,0.11317687
0.0,0.0011310439
0.0,0.8939248
0.0,0.8294829
0.0,0.0049064416
0.0,0.0022832486
0.0,0.42326108
0.0,3.6807858e-06
0.0,0.00056157005
0.0,0.0028844555
0.0,0.9982162
0.0,0.015555094
0.0,0.001019058
0.0,0.43109956
1.0,0.8152862
1.0,0.9978198
0.0,0.00014116238
0.0,0.00031333134
0.0,0.00020814569
0.0,0.058019098
0.0,0.026049191
0.0,0.0011765823
0.0,0.24690694
0.0,0.24595188
0.0,0.3649588
1.0,0.945859
0.0,0.48468864
0.0,0.00040230935
1.0,0.9997147
0.0,4.813343e-06
0.0,0.1717183
0.0,0.00010677907
0.0,0.009092604
0.0,0.21296829
0.0,0.23004346
0.0,0.54634655
0.0,0.0001091358
0.0,0.764016
0.0,0.0003299309
0.0,2.2175056e-05
0.0,0.53991824
0.0,0.0031896573
0.0,0.3950174
0.0,0.088971294
0.0,0.009032696
0.0,0.29939204
0.0,3.425333e-05
0.0,0.056865282
0.0,0.013550219
0.0,0.0036337243
0.0,0.0003915344
0.0,0.008927992
1.0,0.8324143
0.0,0.000676049
0.0,0.07728631
0.0,0.14267801
0.0,0.00013356462
0.0,0.75011784
0.0,0.6916511
0.0,0.0025693793
0.0,0.5102434
0.0,0.024048528
0.0,0.14470758
0.0,0.6858084
0.0,0.11103508
0.0,0.00029301672
0.0,0.07978607
0.0,0.58592784
0.0,0.123984404
0.0,0.30213222
1.0,0.1706585
0.0,5.015171e-05
0.0,0.04543948
0.0,0.08147553
0.0,0.56507176
1.0,0.5568276
0.0,0.033991143
0.0,4.3113963e-05
0.0,0.356727
0.0,1.1818948e-05
0.0,0.9708664
0.0,0.3431153
0.0,0.45733202
0.0,5.4441472e-05
0.0,3.643699e-05
0.0,9.547963e-05
0.0,0.42217064
0.0,0.123018935
0.0,0.0002840144
0.0,0.35078576
0.0,0.09967643
0.0,0.0006057685
0.0,0.3105669
0.0,0.71190375
0.0,0.04730838
1.0,0.95394415
0.0,0.4475874
0.0,0.41882688
0.0,0.0037471377
0.0,0.0001695827
0.0,1.940061e-06
0.0,0.4501752
0.0,0.00045257964
1.0,0.9883768
0.0,0.799189
0.0,0.03773914
0.0,0.53951395
0.0,0.8254167
0.0,0.7524405
0.0,0.007807943
0.0,0.00028854507
0.0,0.8648984
0.0,0.04440259
0.0,0.0046019275
0.0,0.08434238
0.0,0.098200105
0.0,0.6715324
0.0,0.67765325
0.0,7.2067955e-06
0.0,0.6539267
0.0,0.6557999
1.0,0.8830972
0.0,0.5520416
0.0,0.0048273755
0.0,0.08617125
0.0,0.6351653
0.0,0.26060548
0.0,0.042204086
0.0,0.0002738436
0.0,0.0077587035
0.0,1.745329e-07
1.0,0.9736343
0.0,1.0111681e-05
0.0,0.75864756
0.0,0.541538
0.0,0.3079688
0.0,0.6870868
0.0,0.00017345298
0.0,0.92745113
0.0,0.00010904404
0.0,0.00019569653
1.0,0.8904513
0.0,1.001398e-05
1.0,0.9984072
0.0,0.00020733377
0.0,0.039396062
0.0,0.0019545467
0.0,1.889294e-05
0.0,0.5405984
0.0,0.59427005
0.0,0.11912612
0.0,0.00019133496
0.0,0.00016584527
0.0,0.6102304
0.0,0.0017343962
0.0,0.8654904
0.0,1.4275236e-05
0.0,0.9399084
0.0,0.12691835
0.0,0.8806652
0.0,0.6006285
0.0,0.62619704
0.0,0.012401661
0.0,0.52540344
0.0,0.00078038534
0.0,0.5797686
0.0,0.051254965
0.0,0.5425865
0.0,0.6311511
0.0,3.7436158e-07
0.0,0.59138817
1.0,0.99951434
0.0,0.039765935
0.0,0.019254666
0.0,0.0025603385
0.0,0.45070675
0.0,0.0053122505
0.0,0.3932279
1.0,0.8497396
1.0,0.9963102
0.0,0.37385353
0.0,0.03294845
0.0,0.37028623
0.0,0.9983575
0.0,0.07805903
0.0,0.02069438
0.0,0.58592784
0.0,0.9496453
0.0,0.20880988
0.0,0.8134953
0.0,0.0008873677
0.0,0.0001231866
0.0,0.08659378
1.0,0.9129617
0.0,0.0392871
0.0,0.020476505
0.0,0.91272527
0.0,0.0008305625
0.0,0.002022905
0.0,0.99739385
1.0,0.9904608
0.0,0.75868
0.0,0.64632964
0.0,0.10812483
0.0,0.0027144365
0.0,0.16821627
0.0,0.017823128
0.0,0.001081568
0.0,0.4421065
1.0,0.0015008813
0.0,0.61696786
0.0,0.01793657
0.0,3.9374787e-05
0.0,0.020794658
0.0,7.975047e-05
0.0,0.40193027
1.0,0.42853436
1.0,0.9887271
0.0,0.35842076
0.0,0.983497
1.0,0.887566
0.0,0.00014111299
0.0,1.0582419e-06
0.0,0.00027279288
0.0,0.18242975
0.0,0.11835059
0.0,0.009940009
0.0,0.31279343
0.0,0.00011406201
0.0,0.012397024
0.0,0.1873599
0.0,0.011266647
0.0,0.9868426
0.0,0.002560207
0.0,0.27157855
1.0,0.99765044
0.0,3.5866877e-05
0.0,0.054642454
0.0,0.012545831
0.0,0.011510959
0.0,0.00023037227
0.0,0.0076265717
0.0,0.04491494
1.0,0.58592784
1.0,0.864558
0.0,0.00050970935
0.0,0.8242181
0.0,0.012143428
0.0,0.082674
1.0,0.42864713
0.0,0.0029498304
0.0,4.7510002e-06
0.0,0.2945484
0.0,0.5561328
0.0,1.5426893e-05
0.0,0.9884133
0.0,0.16601937
0.0,0.9374745
0.0,0.10738657
0.0,0.013192922
0.0,6.1220526e-05
0.0,0.5199052
0.0,0.00045880702
0.0,0.0038909211
0.0,0.11592367
0.0,0.0026375365
1.0,0.967878
0.0,0.00012647265
0.0,0.2620642
0.0,0.00037406225
0.0,0.049600948
0.0,6.2926396e-05
0.0,0.0491774
0.0,0.04633614
0.0,0.00018363427
0.0,0.26491493
0.0,0.06137015
0.0,0.1117112
0.0,0.0065688468
0.0,9.038066e-05
0.0,0.26989272
0.0,0.117833324
0.0,0.3888499
0.0,3.4685883e-05
0.0,0.046603393
0.0,0.022048026
0.0,0.00011157423
0.0,8.4275e-05
1.0,0.9827188
0.0,3.2070227e-05
0.0,0.001415895
0.0,5.771133e-05
0.0,0.00804014
0.0,6.713384e-05
1.0,0.9642917
0.0,0.00047478455
0.0,0.045076247
0.0,0.6830083
0.0,0.00018638084
0.0,0.7209202
0.0,0.007162419
1.0,0.98979867
0.0,0.018916227
0.0,0.00054057117
0.0,0.013485639
1.0,0.9891193
0.0,0.05006015
0.0,2.0404176e-10
0.0,0.015953274
1.0,0.30191126
0.0,6.698376e-05
0.0,0.8541019
0.0,0.90572184
0.0,5.7393268e-06
0.0,0.011452962
0.0,0.80913764
0.0,1.9037444e-07
0.0,0.32989302
1.0,0.968135
0.0,0.15118311
0.0,1.4061749e-06
0.0,0.24428886
0.0,2.5027855e-06
0.0,3.22613e-05
0.0,7.869012e-06
0.0,0.0010016827
0.0,0.0064535304
0.0,0.30927688
0.0,0.0017831797
0.0,0.574738
0.0,0.45981887
0.0,0.0057561216
0.0,0.8832773
0.0,0.0002160522
0.0,0.19362287
0.0,0.05124756
0.0,0.004380431
0.0,0.0024619435
0.0,0.21564098
0.0,0.014053766
0.0,0.0014725786
0.0,0.24552669
0.0,5.158846e-05
0.0,4.8557304e-05
0.0,0.03242467
0.0,4.609235e-05
0.0,3.211203e-05
0.0,0.00035618184
0.0,0.08930898
0.0,0.26160973
0.0,0.29004437
0.0,0.016437689
1.0,0.8000581
1.0,0.97910416
0.0,0.00014250181
0.0,0.0016108213
0.0,0.0003232429
0.0,0.0031341163
1.0,0.8754306
0.0,0.87118787
0.0,0.00031416796
0.0,0.00030746183
0.0,0.0907905
0.0,0.00033631927
0.0,0.043300577
0.0,3.0242967e-05
0.0,0.69571793
0.0,0.21784265
1.0,0.9713678
0.0,0.0003026339
0.0,0.96249425
0.0,0.0002243539
0.0,0.091090195
0.0,0.99026066
0.0,0.000622318
0.0,0.001414622
0.0,5.9618626e-05
0.0,3.9804016e-07
0.0,0.082570456
0.0,0.9445703
1.0,0.9987993
0.0,7.7335775e-05
0.0,3.4585173e-05
0.0,0.9044094
0.0,0.18577003
0.0,0.037088595
0.0,0.39345402
0.0,0.13106596
0.0,0.57169163
1.0,0.90793055
1.0,0.7966055
0.0,0.07957792
0.0,0.00040370453
0.0,0.0870871
0.0,0.77755314
0.0,0.0030811718
0.0,0.10563632
0.0,4.3674227e-05
0.0,0.01323656
0.0,0.45866588
0.0,0.5729195
0.0,0.035402123
0.0,0.0016874293
0.0,0.0004436498
0.0,0.21144535
0.0,0.8310082
0.0,0.16148233
0.0,0.115138754
0.0,0.43469885
0.0,1.9582019e-07
0.0,0.012739964
1.0,0.97062534
0.0,0.08559719
0.0,0.92567605
0.0,0.66802824
0.0,5.6003964e-06
0.0,0.83992374
0.0,0.3636934
0.0,0.013439902
0.0,0.0059464164
0.0,0.005330496
0.0,0.52447057
0.0,1.8552226e-06
0.0,5.9634265e-05
0.0,0.0081893075
1.0,0.74672127
0.0,0.003911054
0.0,0.26678953
0.0,0.5476978
1.0,0.6220836
0.0,0.3615833
0.0,0.0001487884
0.0,0.10545446
0.0,0.4053558
0.0,0.7934788
0.0,3.8215952e-05
0.0,0.24149492
0.0,0.8502037
0.0,0.14235029
0.0,0.9805809
1.0,0.7956196
0.0,0.28830245
0.0,0.035102837
0.0,0.008494241
0.0,0.81601775
0.0,0.8859522
0.0,0.00062606734
0.0,0.8988048
0.0,0.00017142076
0.0,0.0061459485
0.0,0.0076913037
0.0,0.96931666
0.0,0.0059536933
0.0,0.13217637
0.0,0.0069516744
0.0,1.2200434e-05
0.0,0.25104508
1.0,0.94608355
0.0,0.011480046
0.0,1.5685466e-05
0.0,0.52298474
0.0,0.12710053
0.0,8.8839326e-05
0.0,0.025841095
0.0,0.806347
0.0,0.5906319
1.0,0.98331153
0.0,0.0003411049
0.0,0.00061097916
0.0,0.8758479
0.0,0.28482473
0.0,0.00721284
0.0,0.00048657882
0.0,0.00014992301
0.0,0.017675485
0.0,7.697606e-05
0.0,0.15208624
0.0,0.025296286
0.0,0.9737641
0.0,0.1274041
0.0,5.9339854e-05
0.0,3.4726336e-06
0.0,0.17896211
0.0,0.1505432
0.0,0.120750405
0.0,0.72305506
0.0,6.055247e-05
1.0,0.93629616
0.0,0.12385441
1.0,0.95792633
0.0,0.0001847051
0.0,0.0007153762
0.0,0.0028664444
0.0,0.13406727
0.0,0.0003049399
0.0,0.0022765703
0.0,0.037593525
0.0,0.035867535
0.0,2.0992918e-07
1.0,0.9993426
0.0,0.056570765
0.0,0.019964518
0.0,0.003168481
0.0,0.018169967
1.0,0.99997234
0.0,2.49309e-05
0.0,0.07351646
0.0,0.67236745
0.0,0.055124283
0.0,0.011484754
0.0,0.076618485
0.0,0.011373832
0.0,0.28201902
0.0,2.8324906e-05
0.0,0.15698035
0.0,0.015825713
0.0,2.3030411e-07
0.0,2.0778295e-06
0.0,0.011313508
0.0,0.5753207
0.0,0.025027296
1.0,0.08146049
0.0,5.6875688e-05
0.0,0.09486436
0.0,3.903215e-05
0.0,0.000119342934
0.0,0.8270797
0.0,0.28502405
0.0,0.0042322427
0.0,0.8442763
0.0,0.051737
0.0,0.010541006
0.0,0.12756096
0.0,0.006188484
0.0,0.011363165
0.0,0.8879558
0.0,0.055356093
0.0,0.060205724
0.0,0.2113578
0.0,0.024415866
0.0,0.0006204661
0.0,0.46929264
0.0,0.19451074
0.0,4.187119e-05
0.0,0.008813591
0.0,0.00067877985
0.0,0.12643816
0.0,0.0006910622
0.0,4.2732267e-05
0.0,0.024398005
0.0,3.7057222e-07
0.0,0.15010557
0.0,0.0055007925
0.0,9.374858e-05
0.0,0.007419065
0.0,0.65187526
0.0,8.8643006e-05
0.0,0.73661745
0.0,0.00025205908
0.0,0.000113917326
0.0,0.45921218
0.0,0.15165123
0.0,0.016816784
0.0,0.36346737
0.0,0.2683312
0.0,0.043924455
0.0,0.052802738
0.0,0.65322334
0.0,7.408757e-06
0.0,0.025794735
0.0,0.14738595
0.0,0.5369679
0.0,0.89483374
0.0,9.019284e-06
0.0,0.916809
0.0,0.79774064
0.0,0.062220305
0.0,4.4720036e-05
1.0,0.8988406
0.0,3.2249332e-05
0.0,0.0026462246
1.0,0.89966124
0.0,0.00013606968
0.0,0.021233687
0.0,0.031923153
0.0,3.6369458e-06
1.0,0.99773717
0.0,0.22668563
0.0,0.21697174
0.0,0.004850146
0.0,0.43538463
0.0,0.4871086
0.0,0.0011962787
0.0,0.504955
1.0,0.8835703
0.0,0.10924449
0.0,0.52445877
0.0,0.5038899
0.0,0.20581217
0.0,0.43682393
0.0,0.16543771
0.0,0.7542632
0.0,0.18946859
0.0,0.99619377
0.0,0.948382
0.0,0.1332219
0.0,0.00016970144
0.0,0.6469832
0.0,0.00060392864
0.0,0.92699105
0.0,0.06328187
0.0,8.617828e-06
0.0,0.05213329
0.0,0.00043356142
0.0,0.0003104154
0.0,2.0745902e-05
0.0,0.81391186
0.0,5.4652253e-05
0.0,0.70924413
0.0,0.014022311
0.0,0.00048288953
0.0,0.0003082887
0.0,0.14130062
1.0,0.9419153
0.0,0.3500163
0.0,0.007684883
0.0,0.4039804
0.0,0.25030524
0.0,0.011202856
0.0,0.1714498
0.0,0.11323338
0.0,0.16447937
0.0,0.61706537
0.0,0.2557109
1.0,0.992576
0.0,0.0004852201
0.0,0.9855951
1.0,0.9986753
0.0,0.0023640897
0.0,0.017948197
0.0,0.44638613
1.0,0.97083575
0.0,0.035532147
0.0,0.033649854
1.0,0.16953361
0.0,0.99793315
0.0,0.0075155376
0.0,0.10957616
0.0,0.04672925
0.0,3.1631807e-05
1.0,0.0019447468
1.0,0.9554457
0.0,0.016844487
0.0,0.6652207
0.0,0.00046649663
0.0,0.9439788
0.0,3.9446535e-05
0.0,0.01195333
0.0,0.3837822
0.0,2.8353775e-06
0.0,0.0012986739
0.0,0.13002622
1.0,0.77413535
0.0,0.03222338
0.0,7.591192e-05
0.0,0.08515884
1.0,0.99899775
0.0,0.20850228
0.0,3.0068784e-05
0.0,0.03396807
0.0,7.749284e-06
0.0,0.5083173
0.0,0.011302787
0.0,0.26201612
0.0,0.07152196
0.0,0.0001018222
0.0,0.0005702179
1.0,0.653936
0.0,0.5096651
0.0,0.017422361
0.0,0.069304824
0.0,0.8437552
0.0,2.873552e-05
0.0,0.58440363
0.0,0.0013347499
0.0,0.06819573
1.0,0.8967484
0.0,4.0395927e-05
0.0,0.0034254717
0.0,0.33195725
0.0,0.0016270749
0.0,0.05008015
1.0,0.8298617
1.0,0.9986355
0.0,0.06688472
0.0,0.09889242
0.0,0.23281199
0.0,0.00013670993
0.0,0.045737296
0.0,4.3878455e-05
1.0,0.9827329
0.0,0.997563
0.0,0.006730176
0.0,0.20769066
1.0,0.93482506
0.0,0.69706136
1.0,0.9902298
0.0,0.058439013
0.0,0.0010350731
0.0,7.281912e-05
0.0,0.16891494
0.0,0.40154275
0.0,0.083645605
1.0,0.93372107
0.0,0.22173657
0.0,0.12772377
0.0,0.0021990405
0.0,0.00010382025
0.0,0.0065526143
0.0,0.10750368
0.0,0.7803458
0.0,0.00078672677
0.0,0.00898393
0.0,0.66787547
0.0,4.610581e-09
1.0,0.98768824
0.0,0.041882366
0.0,0.09498251
1.0,0.99197817
0.0,0.005356255
0.0,0.06428656
0.0,0.4464021
0.0,0.8205103
0.0,0.0003783339
0.0,0.0076423767
0.0,4.803462e-05
0.0,0.0008716355
0.0,0.005340692
0.0,0.014710482
0.0,0.27702212
0.0,0.11276718
0.0,0.0061522922
1.0,0.9993079
0.0,0.015495492
0.0,0.2344314
0.0,0.26937822
1.0,0.9775099
0.0,0.008891313
0.0,0.0010875636
0.0,0.25915712
1.0,0.997595
0.0,0.097745545
1.0,0.6676286
1.0,0.4629286
0.0,1.769388e-05
0.0,3.121569e-05
0.0,0.38513592
0.0,4.719574e-05
0.0,0.34417683
0.0,0.09216817
0.0,0.43568194
0.0,0.0034792111
0.0,0.19184853
0.0,0.33250144
0.0,0.65848726
0.0,0.35585216
0.0,0.003934811
0.0,0.0035876485
0.0,0.12332606
1.0,0.98433095
0.0,0.0053399955
0.0,0.00081398454
0.0,0.0018271444
0.0,0.5371916
0.0,0.65717226
0.0,0.4958609
0.0,0.0004487932
0.0,1.133646e-05
0.0,0.5730973
0.0,0.0008772563
0.0,0.10191359
0.0,0.2285336
0.0,0.015029735
0.0,3.654912e-05
1.0,0.91794336
0.0,0.00017291728
0.0,4.465807e-05
0.0,0.09045226
0.0,0.15861687
1.0,0.89154136
0.0,0.0073390706
0.0,7.2539195e-05
0.0,0.00026863546
0.0,4.4977118e-05
0.0,0.00033994316
0.0,0.064916484
0.0,0.00036101276
0.0,0.9498916
0.0,0.010906946
0.0,0.029333934
0.0,0.22971864
0.0,0.00010418641
0.0,0.13656197
0.0,6.241407e-06
1.0,0.993153
0.0,0.00012465111
0.0,0.6586004
0.0,0.7404613
0.0,0.00030736424
1.0,0.9065719
0.0,0.04369914
0.0,0.8507454
1.0,0.6846729
0.0,3.0023026e-05
0.0,0.000139059
0.0,5.6141907e-05
0.0,0.9870684
0.0,0.99794227
0.0,0.94145375
0.0,0.01640898
0.0,0.13408071
0.0,0.024937505
0.0,0.07447136
0.0,0.09885749
0.0,5.3046486e-05
0.0,2.476231e-05
0.0,0.0008822944
0.0,0.27964678
0.0,0.102511264
0.0,0.57997173
0.0,0.8849118
0.0,0.95419526
0.0,0.00088759436
0.0,0.021660876
0.0,0.017586544
1.0,0.9095774
1.0,0.74763507
1.0,0.78534937
0.0,0.8114673
0.0,0.14830922
0.0,0.23136461
1.0,0.9323743
0.0,1.9558667e-05
0.0,0.932702
0.0,0.042357847
0.0,6.816861e-05
0.0,0.04838656
0.0,0.8252058
0.0,0.00042521156
0.0,0.24411489
0.0,0.9973029
0.0,0.00010491419
0.0,0.9835724
0.0,0.108672716
0.0,0.13361394
0.0,0.46411
0.0,0.0006123255
0.0,0.09890997
0.0,0.49925226
0.0,0.84872013
0.0,0.0005688708
0.0,0.71298677
0.0,3.0755923e-06
0.0,0.002413541
0.0,0.00029124008
1.0,0.16745763
1.0,0.15637599
0.0,0.7071421
0.0,0.00066950195
0.0,1.8524786e-05
0.0,0.0490839
0.0,0.9985037
0.0,0.0041405614
0.0,0.032883085
0.0,0.9769298
0.0,0.057373144
1.0,0.7707833
0.0,0.001916127
0.0,0.0006328018
0.0,0.77603346
0.0,4.228377e-05
0.0,0.5782445
0.0,0.16177641
0.0,0.12965806
0.0,3.039885e-05
0.0,0.00079792744
0.0,0.20957352
1.0,0.9116785
0.0,0.18477507
0.0,5.4956645e-06
0.0,0.00017859387
0.0,0.27027777
0.0,0.0007660073
0.0,0.017354801
1.0,0.9107209
0.0,0.00065832597
0.0,0.001728913
0.0,8.5045736e-05
0.0,0.16763882
0.0,1.0928621e-06
0.0,0.17061615
1.0,0.97316337
0.0,0.18489702
0.0,0.011330333
0.0,0.0028221228
0.0,0.00017528134
0.0,9.1353e-06
0.0,0.22292426
0.0,0.035284188
0.0,0.14146687
0.0,0.0014547382
0.0,1.7247105e-06
1.0,0.5223172
0.0,0.0003374889
0.0,0.5856634
1.0,0.83876705
0.0,0.4132322
0.0,0.026852194
0.0,0.78196764
0.0,0.22075324
0.0,0.63084394
0.0,0.6465642
1.0,0.50835186
0.0,0.062192973
1.0,0.96434784
0.0,0.00025791785
0.0,0.14494874
0.0,0.0019588133
0.0,0.8131486
0.0,8.073172e-05
0.0,0.5017156
0.0,7.96525e-05
0.0,0.0049215066
0.0,9.748952e-05
0.0,0.0043966845
0.0,0.0068088537
0.0,6.368559e-05
0.0,5.1288644e-06
1.0,0.94716984
0.0,0.057646178
0.0,0.81892675
0.0,0.0617276
0.0,0.3933564
0.0,0.38269076
0.0,0.027083885
0.0,0.2449596
1.0,0.95170426
0.0,0.13607813
0.0,0.033449758
0.0,0.31714344
0.0,1.587755e-05
0.0,0.2968732
0.0,0.20023037
0.0,0.27729085
0.0,0.011262702
0.0,1.9192836e-05
0.0,0.21173614
0.0,7.816671e-06
1.0,0.71361583
0.0,2.4373672e-05
0.0,0.012635516
0.0,0.003347923
0.0,0.013193183
1.0,0.35373694
0.0,0.28688073
0.0,0.39775097
0.0,0.60750926
0.0,0.76938885
0.0,0.79783523
0.0,0.36632016
0.0,0.6021029
0.0,0.21301545
0.0,0.63083005
0.0,0.026640052
0.0,0.22421865
0.0,0.18706787
0.0,0.7003962
0.0,0.00017678761
0.0,1.736662e-05
0.0,0.22679725
1.0,0.9799601
0.0,2.5946963e-05
0.0,1.9391571e-05
0.0,1.0374715e-05
0.0,0.00044063755
0.0,0.0038040099
0.0,0.048056442
0.0,0.003759185
0.0,1.3470584e-05
0.0,0.93234146
1.0,0.80806214
0.0,0.9677655
1.0,0.65829176
1.0,0.99485344
0.0,0.04777972
0.0,0.00039987738
0.0,0.047372352
0.0,0.12289669
0.0,0.0416038
0.0,0.31672716
1.0,0.6804447
0.0,0.0078085773
0.0,0.0019220756
0.0,0.067688905
0.0,0.0016454627
0.0,0.7911515
0.0,0.8404055
0.0,0.000513872
0.0,0.00010549614
0.0,0.022048406
0.0,0.0001913211
0.0,0.8214131
0.0,0.009538131
0.0,0.5480047
0.0,0.22186314
1.0,0.88396996
0.0,0.0019773354
0.0,0.06448407
0.0,0.0006403283
1.0,0.99166155
0.0,0.021573372
0.0,0.1818232
0.0,0.0011716294
0.0,0.026877219
0.0,9.322266e-06
0.0,0.01975923
0.0,0.001974489
0.0,4.276712e-06
0.0,0.024537282
0.0,0.21527113
0.0,8.9300265e-05
0.0,0.7469731
0.0,0.004725511
0.0,0.0049609314
1.0,0.99758565
0.0,7.763878e-06
0.0,0.0041031837
0.0,0.0072271065
0.0,0.66793334
0.0,0.13317743
0.0,0.00012288462
0.0,2.2147371e-05
0.0,4.4975404e-05
1.0,0.8187184
0.0,0.13641454
0.0,0.000123931
0.0,0.0021179253
0.0,0.021301001
0.0,0.0012164796
0.0,0.0001491573
0.0,0.00059127825
0.0,0.03205717
1.0,0.8505103
0.0,0.23110776
0.0,1.7773074e-05
0.0,0.0012420855
0.0,0.21303627
0.0,0.0009067468
0.0,0.001228012
0.0,0.005201807
0.0,0.034296002
0.0,0.13657066
0.0,0.6080173
0.0,0.00022390365
0.0,0.0033853594
0.0,0.55379164
1.0,0.900501
0.0,0.09918443
0.0,0.008548634
0.0,0.044673514
0.0,0.0692965
0.0,0.71587616
0.0,0.0051098634
0.0,0.100195736
0.0,0.0031224508
0.0,0.005109536
0.0,0.0028758256
0.0,0.13719027
1.0,0.97029513
0.0,0.000108118926
0.0,0.0020729592
0.0,0.07510877
0.0,0.58498484
0.0,0.30535355
0.0,0.0876041
0.0,0.0025755211
0.0,0.0072070304
0.0,0.00028568512
0.0,0.62573814
0.0,0.034460165
0.0,1.5110015e-05
1.0,0.7147397
0.0,0.51936
0.0,0.011566368
0.0,0.04929563
0.0,0.002217569
0.0,0.022905977
0.0,0.86132216
0.0,0.00017368286
0.0,0.0057411264
0.0,0.00035914656
0.0,0.8892194
0.0,0.34959164
0.0,0.04437659
0.0,0.0023545753
0.0,0.76883644
0.0,0.7495142
0.0,3.9513932e-05
0.0,6.014594e-05
0.0,3.3022363e-05
0.0,0.00014687779
0.0,0.0017644236
0.0,0.6262824
0.0,0.0007502432
0.0,0.025943646
1.0,0.99888235
0.0,0.00012278705
0.0,0.46512693
0.0,0.000818635
0.0,0.020330943
0.0,0.39638153
0.0,0.0011719168
0.0,5.8054058e-05
0.0,0.014624848
0.0,0.21937884
0.0,0.0003157456
0.0,4.1610697e-06
0.0,0.27850878
0.0,0.00016355014
0.0,0.28968605
0.0,0.6237512
0.0,0.00089579663
0.0,0.9572073
0.0,0.024427049
0.0,0.0006279312
0.0,0.00014535981
0.0,0.00026936614
0.0,0.0075723515
0.0,0.01985492
0.0,0.0037503203
0.0,0.35389218
0.0,0.07724982
1.0,0.48920548
0.0,0.74175626
1.0,0.9779825
0.0,0.023158513
0.0,0.057705004
0.0,0.00010518235
0.0,0.23740631
0.0,0.66515684
0.0,0.43827188
1.0,0.8552629
0.0,0.0047672046
0.0,0.7124787
0.0,0.87735003
0.0,0.23456353
0.0,0.009938539
0.0,2.8196166e-06
0.0,0.43694592
0.0,0.1984184
1.0,0.9516748
0.0,0.00036928937
0.0,0.38354138
1.0,0.58726346
0.0,3.1594154e-05
0.0,0.0011621813
0.0,0.0075356956
0.0,0.0011034654
0.0,0.07618211
1.0,0.977424
0.0,0.022492865
0.0,0.62651473
0.0,0.005729027
0.0,0.009840912
0.0,0.29020816
0.0,0.742975
0.0,7.78351e-05
0.0,0.00024899904
0.0,0.0009735382
0.0,0.0019228589
0.0,0.6401021
0.0,0.80121166
0.0,0.0017147649
0.0,0.18360646
0.0,0.5195052
0.0,0.00013793673
0.0,5.648727e-05
0.0,0.91899765
1.0,0.5327104
0.0,0.23271415
1.0,0.9631229
0.0,0.23505175
0.0,0.000115322546
0.0,0.00031423566
0.0,0.0012275986
0.0,0.011979737
0.0,0.00093884254
0.0,0.9628311
0.0,0.742194
1.0,0.9478786
0.0,2.0503815e-06
0.0,0.26842144
0.0,0.16123219
0.0,0.0004426733
0.0,0.6466553
0.0,3.850891e-06
0.0,0.00011297574
0.0,0.3207571
1.0,0.94873405
0.0,0.41407526
0.0,0.4247744
1.0,0.98551315
0.0,0.14384337
0.0,0.1387444
1.0,0.8843064
0.0,0.03002652
0.0,0.009461992
0.0,0.08279019
0.0,0.075026944
0.0,0.6631197
0.0,3.2576736e-05
0.0,3.472925e-06
0.0,0.0040958175
0.0,0.1331233
0.0,0.0016059086
0.0,0.025791608
1.0,0.9560767
0.0,0.09489971
0.0,0.09448995
0.0,0.0008140129
0.0,1.2692876e-05
0.0,0.003670808
0.0,0.61451733
0.0,0.26429245
0.0,0.00068268826
0.0,0.18042523
0.0,0.00031924678
0.0,0.0129361125
0.0,0.099629335
0.0,0.00021394975
0.0,0.95662147
0.0,0.041533377
0.0,0.03298629
0.0,0.005944134
0.0,2.1322227e-05
0.0,0.4817907
0.0,0.35401133
0.0,0.06279345
0.0,0.06570817
0.0,3.3632277e-05
0.0,0.4277226
0.0,0.08694841
0.0,0.05816168
1.0,0.9688768
0.0,4.9356568e-06
0.0,0.5445711
1.0,0.9979108
0.0,0.0062720627
0.0,0.08072695
0.0,0.001813223
0.0,0.648481
0.0,1.3891171e-05
0.0,0.8660605
0.0,0.016625999
0.0,0.03054563
0.0,0.13251923
0.0,0.02721783
0.0,0.03186908
1.0,0.9170129
0.0,0.0002477598
0.0,0.00015940405
0.0,0.14062439
0.0,0.0012101983
0.0,0.016479447
0.0,0.8907127
0.0,0.76280063
0.0,1.3966567e-05
0.0,0.060956363
0.0,0.63399476
0.0,0.00025992957
0.0,0.3241696
0.0,0.0070086224
0.0,0.58412164
1.0,0.953923
0.0,8.549532e-05
0.0,2.2575165e-07
0.0,0.0005923062
0.0,0.49221432
0.0,0.0016024613
0.0,0.08342256
0.0,0.9401829
0.0,0.6215967
1.0,0.63118804
1.0,0.9669776
0.0,0.6346044
0.0,0.21008019
0.0,0.543883
0.0,0.005821447
0.0,0.40316597
0.0,0.11207736
0.0,0.019094309
1.0,0.99915206
0.0,0.014024143
0.0,6.8942514e-05
0.0,0.0022628456
0.0,0.7845402
0.0,0.004581304
0.0,0.0016549525
0.0,0.203746
0.0,0.032947265
0.0,0.0026714238
0.0,0.20488809
0.0,0.00012202335
0.0,2.937294e-07
0.0,7.874237e-06
0.0,0.17375515
0.0,0.0027813853
1.0,0.6363814
0.0,0.00047229635
0.0,0.15274876
0.0,1.3548595e-05
0.0,0.04612388
0.0,0.00022314514
0.0,0.12910432
0.0,0.66054976
0.0,7.164904e-05
0.0,0.19371165
0.0,0.15402305
1.0,0.97981584
1.0,0.995974
0.0,0.0043050153
0.0,0.00013174856
1.0,0.9574346
0.0,0.00039873863
0.0,0.07583673
0.0,0.046771582
0.0,0.002122662
0.0,0.26618436
0.0,0.00036836835
0.0,0.00404585
0.0,0.034600478
0.0,0.160888
0.0,0.0004938022
0.0,0.22178525
0.0,0.0048173475
0.0,0.897986
0.0,0.043248482
0.0,0.83679867
0.0,8.458532e-06
0.0,0.47350705
0.0,0.11307489
0.0,0.00178985
0.0,0.69905084
0.0,0.29870236
0.0,5.475351e-05
0.0,0.02794355
0.0,0.00036716787
1.0,0.9934191
0.0,0.0022791363
0.0,0.08461038
0.0,0.9217423
0.0,0.08878873
0.0,0.06024398
0.0,0.71736753
0.0,0.6405174
1.0,0.014207859
0.0,1.8575576e-05
0.0,2.6363548e-05
0.0,0.14870794
0.0,0.0020747564
0.0,0.046825405
0.0,0.99122393
0.0,2.1663308e-08
1.0,0.99967206
0.0,6.296384e-06
0.0,0.022843776
0.0,0.0011384734
1.0,0.9442222
0.0,3.4097673e-05
0.0,1.4210255e-05
0.0,0.5779275
0.0,0.024091933
0.0,0.040693928
0.0,0.049084112
0.0,0.5520166
0.0,0.8908328
1.0,0.96357495
0.0,0.16147271
0.0,0.0005360178
1.0,0.9938474
0.0,0.039535582
0.0,0.83354485
0.0,0.9330047
0.0,5.591291e-05
0.0,0.34621486
1.0,0.75635284
0.0,0.9900893
1.0,0.9797777
0.0,0.6389403
1.0,0.97210073
0.0,0.45433053
0.0,6.3985326e-06
0.0,0.011042074
0.0,0.687879
0.0,0.15776278
0.0,0.010928098
0.0,0.2400773
0.0,0.000653662
1.0,0.9703362
0.0,0.11181853
0.0,8.958609e-05
1.0,0.14061294
0.0,0.0026273294
0.0,0.0079916725
0.0,0.00015742154
0.0,0.0024634276
0.0,1.9318144e-05
0.0,0.017496914
0.0,0.06073557
0.0,0.26344356
0.0,0.21673799
0.0,0.17729749
0.0,0.039752334
1.0,0.9929584
0.0,0.00029697633
0.0,0.0009920218
0.0,0.00020859053
0.0,1.1683728e-05
0.0,0.43574315
0.0,0.00025130896
0.0,0.043645393
0.0,0.4074834
0.0,0.28143725
0.0,0.181805
0.0,0.8797125
0.0,0.08367574
0.0,0.11705065
0.0,0.0066915355
0.0,0.0019763806
0.0,0.9566265
0.0,7.273564e-05
0.0,2.2723025e-05
0.0,0.0004762346
0.0,0.10745977
0.0,0.00014333747
0.0,5.266895e-06
0.0,0.65485615
0.0,0.0001406258
0.0,0.55233395
1.0,0.993367
1.0,0.30271208
0.0,0.00067931274
0.0,0.00017370803
0.0,0.0014998262
0.0,0.007820579
0.0,0.11071986
0.0,0.026682204
0.0,0.07381225
0.0,0.06850334
0.0,0.0004177261
0.0,0.4927661
0.0,0.85153246
0.0,3.0532556e-05
0.0,0.7316826
0.0,0.00010000392
0.0,0.00015872382
0.0,0.18287396
1.0,0.87754005
0.0,3.5634766e-05
0.0,0.00011682393
0.0,0.96422976
0.0,0.0024963478
0.0,0.10225131
0.0,0.781325
0.0,0.09347404
0.0,0.0024980558
0.0,0.5719559
0.0,0.96562696
0.0,0.00015049019
0.0,0.13580655
1.0,0.86528856
0.0,0.043737702
0.0,0.026040236
0.0,0.007708847
0.0,0.3342908
0.0,9.441681e-08
0.0,0.157152
0.0,0.0008691789
0.0,0.022329247
0.0,0.0888043
0.0,0.017645596
0.0,0.69625914
0.0,0.16365977
0.0,0.7351768
0.0,0.03181265
0.0,0.13761708
0.0,0.9945798
0.0,0.0058806255
0.0,0.58592784
1.0,0.9901424
0.0,0.000102032725
0.0,0.65223294
1.0,0.05001937
0.0,7.735808e-06
0.0,0.057734247
1.0,0.963764
0.0,0.018358322
1.0,0.99946624
0.0,4.7099113e-07
0.0,0.5544308
0.0,0.002037982
0.0,6.037248e-06
0.0,0.015277826
1.0,0.9759246
0.0,1.6686349e-06
0.0,0.78063476
0.0,0.1320648
0.0,0.034068063
0.0,0.14252616
0.0,7.0061054e-05
0.0,1.21571475e-05
0.0,0.34582183
0.0,0.12842861
0.0,0.019258548
1.0,0.992342
0.0,0.1828869
0.0,0.367638
0.0,0.014589981
0.0,0.043888696
0.0,0.18644802
0.0,0.12819166
1.0,0.9953673
0.0,0.024717493
0.0,0.00012280472
0.0,0.09248035
0.0,2.1373226e-05
0.0,0.8832021
0.0,0.022800932
0.0,0.041866228
0.0,7.356398e-05
0.0,3.9623733e-06
0.0,0.034269534
0.0,0.0004651951
0.0,0.0118611995
0.0,0.9189405
0.0,1.4572971e-06
0.0,1.7490627e-05
0.0,0.2565109
0.0,0.7172913
0.0,0.012439656
0.0,0.6485343
0.0,0.00014654626
0.0,0.0004444107
0.0,0.20403059
0.0,0.06806278
0.0,3.1452924e-05
0.0,0.076001324
0.0,0.63471663
0.0,0.1763971
0.0,1.6911738e-08
0.0,0.16104315
0.0,0.57242155
0.0,0.43560407
1.0,0.6769625
0.0,0.00047960828
0.0,2.1484988e-05
1.0,0.96714604
0.0,0.6361707
0.0,8.2096456e-05
0.0,4.9914863e-05
0.0,0.42215312
0.0,0.7225693
0.0,0.37205353
0.0,0.8524735
0.0,0.8952642
0.0,1.0367603e-05
0.0,0.8061717
0.0,0.0031682868
0.0,0.26507613
0.0,0.0015631246
0.0,3.860201e-06
0.0,0.0030327274
0.0,0.91571724
0.0,0.05127006
0.0,0.398127
0.0,0.6266167
0.0,0.070838
0.0,0.20141117
0.0,0.02091823
1.0,0.88558507
0.0,0.016355142
0.0,0.9186525
0.0,0.0017093127
0.0,8.519233e-05
0.0,0.39847514
0.0,0.0001771391
0.0,0.8811721
0.0,0.002629716
0.0,4.129015e-06
0.0,0.004427947
0.0,4.293794e-05
1.0,0.6447632
0.0,0.59752
0.0,9.009406e-06
0.0,0.08021555
1.0,0.9801856
0.0,0.5709691
0.0,4.7690744e-05
1.0,0.26040122
0.0,0.0045499457
0.0,0.007473868
0.0,0.10466255
0.0,2.3836037e-05
0.0,7.786695e-05
0.0,0.40782076
0.0,0.00078521983
0.0,1.7440525e-05
0.0,0.0007547846
0.0,0.000520067
0.0,0.0011058311
1.0,0.055674564
1.0,0.84533113
0.0,0.3968284
0.0,0.48771647
0.0,0.62355477
0.0,0.18524829
0.0,9.0782225e-05
0.0,0.16452928
0.0,6.13841e-05
0.0,0.51098824
0.0,0.004808014
0.0,9.936354e-06
0.0,0.24075063
0.0,0.94190246
0.0,0.5773096
0.0,0.6460387
0.0,0.09394242
0.0,0.00029639987
0.0,0.001524907
0.0,0.29620874
0.0,0.40991896
0.0,0.08948422
0.0,0.23750418
0.0,4.482399e-06
0.0,0.00027161543
1.0,0.7247549
0.0,0.2913924
0.0,0.9780317
0.0,0.16359709
0.0,0.06668717
0.0,0.26073417
0.0,0.12937263
0.0,3.8147828e-05
0.0,0.0020710712
0.0,0.013944448
0.0,0.087609574
0.0,0.00023247482
0.0,0.00033443223
0.0,0.58592784
0.0,0.0086769415
0.0,0.30676854
1.0,0.27780262
0.0,2.77353e-05
1.0,0.14747962
1.0,0.20968379
0.0,0.061000988
1.0,0.6471176
0.0,0.00017691677
0.0,0.11878664
0.0,0.58827555
0.0,0.020964706
0.0,0.047105573
0.0,0.34249073
1.0,0.9728904
0.0,0.9629739
0.0,0.00051827455
0.0,0.004738703
0.0,0.33160436
0.0,0.7359562
0.0,4.405976e-05
0.0,0.00996513
0.0,0.05286626
0.0,0.000381383
0.0,0.18442705
0.0,0.6609739
0.0,0.00040977017
0.0,0.07916399
0.0,0.00014983668
0.0,0.7767824
0.0,0.00044514588
0.0,7.4840165e-05
0.0,0.00019796209
0.0,0.8045351
0.0,0.09776868
0.0,0.8202354
1.0,0.7803995
0.0,0.00017000591
1.0,0.0075692134
0.0,0.008115657
0.0,0.005948429
0.0,0.00064964837
0.0,0.04213882
0.0,7.937089e-05
0.0,0.07621384
0.0,0.8626764
1.0,0.9761885
0.0,0.5734948
0.0,1.947201e-06
0.0,2.1464523e-06
0.0,0.0006139902
0.0,0.02641827
0.0,0.0015207372
0.0,0.07810327
0.0,0.04143299
0.0,0.26519573
0.0,0.68539214
0.0,0.00015018713
0.0,0.011973772
0.0,0.48738605
0.0,0.00235961
0.0,3.7547675e-08
0.0,0.0062891454
0.0,0.16703397
0.0,0.00060091086
0.0,0.007989381
0.0,0.08472956
0.0,1.655283e-05
0.0,0.4289711
0.0,0.005239525
0.0,0.0005273515
0.0,0.0056912284
0.0,0.027177658
0.0,0.6273101
0.0,0.042176053
0.0,0.32533047
1.0,0.58592784
0.0,0.5098155
0.0,4.102199e-05
0.0,0.19672564
0.0,0.00094513816
0.0,0.004997858
0.0,0.0002772551
0.0,0.002007263
1.0,0.99302024
0.0,0.63834745
0.0,0.22268148
0.0,0.714294
0.0,0.0053878957
0.0,0.05806302
0.0,0.33908424
0.0,0.2402028
0.0,0.71284586
0.0,0.37179416
0.0,0.3983077
1.0,0.9746439
0.0,0.087802485
0.0,3.246611e-05
0.0,0.011997534
0.0,0.8068278
1.0,0.97870034
0.0,0.056403965
0.0,0.010037575
0.0,0.0001150778
0.0,0.051688395
0.0,0.0004840068
0.0,0.20463422
0.0,0.6372081
0.0,0.6828107
0.0,0.8515882
0.0,1.6761016e-05
0.0,0.020345774
0.0,0.03923741
0.0,0.21853173
0.0,0.00028839492
1.0,0.9890422
0.0,0.0012821465
0.0,0.002197109
0.0,0.07509828
1.0,0.99951184
0.0,0.7350252
0.0,0.07894621
0.0,8.405451e-06
0.0,0.5706685
0.0,0.0044261334
0.0,0.004956513
0.0,2.1201338e-05
1.0,0.973893
0.0,0.00015612268
0.0,0.79241693
0.0,0.001425765
0.0,0.15987347
0.0,4.984513e-05
0.0,0.19838038
0.0,0.020566298
0.0,0.00076561363
0.0,0.6943384
0.0,0.022120636
0.0,0.6425732
0.0,6.663641e-05
0.0,0.38846508
0.0,0.00042707275
0.0,0.9807191
0.0,0.016616903
1.0,0.8920756
0.0,0.0017562422
1.0,0.97809654
0.0,0.64562947
0.0,0.11451892
0.0,2.427637e-06
0.0,5.3668115e-05
1.0,0.9982786
1.0,0.9946832
0.0,0.17382948
0.0,0.87800735
0.0,0.9316216
0.0,0.38528466
0.0,0.41479456
0.0,0.27031973
0.0,0.03510561
0.0,0.2710324
0.0,0.0056692306
0.0,0.010729325
0.0,0.001469282
1.0,0.09014418
0.0,0.73768973
0.0,0.004439422
0.0,0.00010176386
0.0,0.005363891
0.0,0.028986452
0.0,0.0001256895
0.0,0.88790315
0.0,0.0001176446
0.0,0.027371269
0.0,0.095682055
0.0,0.1155526
0.0,4.130673e-06
0.0,0.005745259
0.0,0.73921084
0.0,0.108877465
0.0,0.16763207
0.0,0.095419094
0.0,0.0025210932
0.0,0.00042623063
0.0,0.1961175
1.0,0.99299777
0.0,0.005156093
1.0,0.9465367
0.0,0.00018708342
1.0,0.9548869
0.0,0.17040794
0.0,0.115280084
0.0,0.009253252
1.0,0.94823956
0.0,0.00010759255
0.0,0.0012549566
0.0,0.019370232
0.0,0.33450088
0.0,0.040705416
0.0,0.08840896
0.0,0.11830804
0.0,0.35817274
0.0,0.16321145
0.0,0.5739249
0.0,1.95535e-06
0.0,0.0051750042
0.0,0.3295449
0.0,0.39952645
0.0,7.745297e-05
0.0,0.14512599
0.0,0.00028945765
0.0,0.11432061
0.0,2.1983973e-05
0.0,0.052046023
0.0,0.98995155
0.0,0.11025671
0.0,0.028518973
0.0,0.9864179
0.0,0.7008931
0.0,0.00010558712
0.0,0.26173517
0.0,0.00016456538
0.0,0.107597284
0.0,2.634171e-05
0.0,0.24673869
0.0,0.40206593
0.0,0.001856222
0.0,0.40358195
0.0,5.3824748e-05
0.0,0.0076681245
0.0,0.7620906
0.0,6.56204e-05
0.0,0.70626575
1.0,0.9604112
0.0,0.81678873
0.0,0.6231631
0.0,0.002240027
0.0,0.17331576
0.0,0.024170423
0.0,0.0031724386
0.0,0.01029324
1.0,0.98800266
0.0,0.105530314
0.0,5.587714e-05
0.0,0.028456407
1.0,0.8772795
1.0,0.9891349
0.0,0.0015366976
0.0,0.42684782
0.0,0.00010406596
0.0,0.006384902
0.0,0.07000964
0.0,0.5108998
0.0,0.0013767567
0.0,0.75172895
0.0,0.033654455
0.0,0.75668085
0.0,2.22652e-05
0.0,0.0009097513
0.0,0.036267526
0.0,1.7461128e-06
0.0,0.44101295
1.0,0.9945867
0.0,0.55528903
0.0,0.047171116
0.0,0.28042793
0.0,0.00365492
1.0,0.88478243
0.0,0.4287572
0.0,0.031106891
0.0,0.22201988
0.0,0.00062728097
0.0,2.1434146e-06
0.0,0.11273573
0.0,4.210636e-05
0.0,0.6109887
0.0,3.586318e-05
0.0,0.051790785
0.0,0.0001902219
0.0,6.5726796e-05
0.0,0.07283857
0.0,0.46062207
0.0,0.746177
0.0,0.6154985
0.0,0.9162461
0.0,0.00031263608
0.0,0.05663754
1.0,0.6632439
0.0,0.2577266
0.0,0.031824216
0.0,0.00050887896
0.0,0.6544593
0.0,0.0919285
0.0,0.09984946
0.0,0.27520812
0.0,0.00014161348
0.0,0.72176117
0.0,0.13610564
0.0,0.00044003144
0.0,5.3532613e-06
0.0,0.6120292
0.0,0.006590168
1.0,0.590867
0.0,0.94770664
0.0,0.008975078
0.0,0.2843988
0.0,0.74227124
0.0,0.019423788
0.0,1.345396e-05
0.0,0.0010285631
0.0,0.7428254
0.0,0.0017555425
0.0,6.5067245e-05
0.0,0.038226534
0.0,0.18874715
0.0,0.0049251784
0.0,0.0085094925
1.0,0.99334186
0.0,0.21869668
0.0,0.0011854006
0.0,8.698266e-06
0.0,0.00077396404
1.0,0.93806064
0.0,0.16347338
0.0,0.568835
1.0,0.98756593
0.0,0.03434197
0.0,0.9485637
0.0,0.09404146
0.0,0.59549963
0.0,0.019933539
0.0,0.012885855
0.0,0.010575727
0.0,0.6400293
0.0,0.48023513
0.0,0.06627806
0.0,0.0788432
0.0,0.21998577
0.0,0.00079816615
0.0,0.0011525545
0.0,2.7189037e-05
0.0,0.00019166162
0.0,0.0002735761
0.0,0.00026298017
0.0,0.0020001165
0.0,0.7882344
0.0,0.77300704
1.0,0.97905546
0.0,0.43567705
0.0,0.015550758
0.0,4.9856542e-05
0.0,0.0070005525
0.0,0.27848673
1.0,0.97972566
0.0,0.0154908
0.0,0.870436
0.0,0.08902374
0.0,0.0022753822
0.0,0.0059015835
1.0,0.9579896
0.0,0.0038073957
0.0,0.06283476
0.0,0.30005345
0.0,0.09444393
0.0,0.4629302
0.0,0.029280737
0.0,0.0021146869
1.0,0.9815781
0.0,0.20040101
0.0,0.00020481404
0.0,0.0003624252
0.0,9.5400275e-05
0.0,0.00021150669
0.0,0.04830957
0.0,0.8957775
0.0,0.0016363957
0.0,0.029150244
0.0,0.637534
0.0,0.454043
0.0,0.15836996
0.0,0.17941068
1.0,0.7533086
0.0,0.0057524303
0.0,0.060166597
0.0,1.4433137e-05
0.0,0.96724284
0.0,0.002832037
0.0,0.19453095
0.0,4.8604652e-05
0.0,0.2205703
0.0,0.000120607896
0.0,0.056620147
0.0,0.0033420492
0.0,0.004030745
0.0,0.1397666
0.0,4.9010938e-05
0.0,0.13436624
0.0,0.0013965619
0.0,0.0004123456
0.0,0.00018628294
0.0,0.00040154075
0.0,0.44943592
0.0,6.6542757e-06
0.0,0.99712867
0.0,0.83656627
0.0,0.48477167
0.0,6.679584e-05
0.0,0.06549447
0.0,0.6581232
0.0,0.101095125
0.0,0.3067404
1.0,0.97168374
0.0,0.10914394
0.0,5.89296e-05
0.0,0.0020681284
0.0,0.18104666
0.0,0.0060899146
0.0,0.15280636
0.0,0.00043792097
1.0,0.90016454
0.0,0.7865758
1.0,0.84696275
1.0,0.9605045
0.0,0.1431106
0.0,0.09496706
0.0,0.03660731
1.0,0.9322737
0.0,3.8111684e-05
0.0,0.007788451
0.0,0.24486838
1.0,0.7421037
0.0,0.43661368
0.0,0.56885934
0.0,0.023426363
0.0,1.8642304e-06
0.0,0.12404524
0.0,0.000102251775
1.0,0.99417466
0.0,0.025598241
0.0,0.027445655
0.0,0.08203121
0.0,5.166739e-05
0.0,0.00036393045
0.0,0.48191828
0.0,0.00019121112
0.0,0.0003582901
1.0,0.9923035
0.0,0.0012765919
0.0,0.03345251
0.0,0.0008363736
0.0,0.5896174
0.0,4.63549e-06
0.0,0.37325412
0.0,0.96651167
0.0,0.06657948
0.0,0.021681102
0.0,0.00018504974
0.0,0.1913881
0.0,0.6988466
1.0,0.99752504
0.0,0.0038901079
1.0,0.9828372
0.0,0.008267054
0.0,0.0058168345
0.0,9.702349e-06
0.0,0.5203306
0.0,0.0014651304
1.0,0.7575857
1.0,0.58787316
1.0,0.90077186
0.0,0.032401588
1.0,0.9853962
0.0,0.18551706
0.0,1.3147642e-05
0.0,0.00093383633
0.0,0.8661887
0.0,0.00061184744
0.0,0.000323803
0.0,0.0028389152
0.0,5.274514e-05
0.0,0.0009606746
0.0,0.55045974
0.0,0.088758565
0.0,0.025833756
1.0,0.98532355
0.0,0.0002883834
0.0,0.00034730078
0.0,0.00038883305
0.0,0.011788747
0.0,0.11364153
1.0,0.9171488
0.0,0.12685545
0.0,0.00026991346
1.0,0.24376509
0.0,6.645726e-05
0.0,0.5923735
0.0,0.034668114
0.0,0.00057087967
1.0,0.9624224
0.0,0.009175391
0.0,0.0001290396
0.0,0.3532484
0.0,0.60200363
0.0,0.0026556826
0.0,0.3184507
0.0,0.018284086
0.0,0.0018242717
0.0,0.012222212
0.0,0.00031047966
0.0,0.022113403
0.0,0.92926323
0.0,0.7325799
0.0,0.04371082
0.0,0.14225987
0.0,0.35234463
0.0,0.0029240183
0.0,0.7105016
1.0,0.97290784
0.0,0.00013213858
1.0,0.99833715
0.0,0.5276788
0.0,0.030573556
0.0,0.58618826
0.0,0.040772893
0.0,0.0061973524
0.0,0.0006934604
0.0,0.00033992698
1.0,0.8851654
1.0,0.989062
1.0,0.9795226
0.0,0.73215955
0.0,0.039538164
0.0,0.034843214
0.0,0.00058291387
0.0,2.062832e-06
1.0,0.6392125
0.0,0.21628979
0.0,0.014851638
0.0,0.0009089841
0.0,0.04905686
0.0,0.93868077
0.0,0.0034093827
0.0,0.7357539
0.0,0.00016197274
0.0,0.20023155
0.0,0.000528822
0.0,0.67440706
0.0,0.0048457338
0.0,0.004710194
0.0,0.00027119857
0.0,0.08187135
0.0,0.11636108
1.0,0.9434841
0.0,0.04039834
0.0,0.003399779
0.0,0.00020859212
0.0,0.25787094
0.0,0.83180004
0.0,0.39448854
0.0,0.12310261
0.0,0.0026914298
0.0,0.01970692
0.0,0.00036439026
1.0,0.98998815
0.0,0.2754049
0.0,0.15433738
0.0,3.4797383e-06
0.0,3.6465564e-05
0.0,0.008361884
0.0,1.6370195e-05
0.0,0.19268188
0.0,8.937397e-05
0.0,0.00028186283
0.0,0.5406774
0.0,0.71162456
0.0,0.0019477246
0.0,0.048825357
0.0,0.21196093
0.0,0.58592784
1.0,0.5075991
0.0,0.29557842
0.0,0.037137058
0.0,0.30083418
0.0,1.2137199e-05
0.0,0.0011966269
0.0,0.03681729
0.0,0.0069697136
0.0,0.52733445
0.0,0.008267437
0.0,0.041436817
0.0,0.21621343
0.0,0.0041165254
0.0,0.06959905
1.0,0.99780184
0.0,7.0685373e-06
0.0,0.40647262
0.0,0.47415373
0.0,0.0032524727
0.0,0.06561834
0.0,5.5966688e-05
0.0,0.01997177
1.0,0.5012938
0.0,0.09083936
0.0,0.039534118
0.0,0.0005157701
0.0,0.48519784
0.0,0.19486867
0.0,0.09306537
0.0,0.0045551406
0.0,0.0023946203
0.0,0.11956964
0.0,0.47229958
0.0,0.5033679
0.0,0.004984428
0.0,0.3402755
0.0,2.8492388e-05
0.0,0.38997233
0.0,0.54055315
0.0,1.311228e-06
0.0,0.047980197
0.0,0.0021741437
0.0,0.14667982
0.0,0.1306291
0.0,0.032747183
0.0,0.014155581
0.0,0.0004679992
0.0,0.5165633
0.0,0.8933263
0.0,0.05384594
0.0,0.017765507
0.0,0.00010013302
0.0,0.0060994355
0.0,0.22738433
0.0,0.001955772
0.0,0.00089432497
0.0,0.001492241
0.0,6.5791195e-05
0.0,0.47213525
0.0,0.6600022
0.0,0.5432742
0.0,0.021215886
0.0,0.0005024548
1.0,0.9444435
0.0,0.003227736
0.0,0.3628662
0.0,0.051313747
0.0,0.37140867
0.0,0.6988582
0.0,2.3205794e-05
0.0,0.0008844087
0.0,0.6188747
0.0,0.653911
0.0,2.931523e-06
0.0,0.0017011579
0.0,0.46647656
0.0,0.7585144
0.0,0.32640296
1.0,0.9728842
1.0,0.82154447
0.0,0.01990313
0.0,0.04899169
0.0,0.017939812
0.0,0.5767188
1.0,0.040509496
0.0,0.0004906132
0.0,0.00036657363
0.0,0.6433686
1.0,0.5783789
0.0,0.0006022614
1.0,0.9630616
1.0,0.9842074
0.0,0.0025958787
0.0,1.2276273e-05
0.0,0.9441474
0.0,0.0023184163
0.0,0.06564649
0.0,0.26077518
0.0,0.0002587114
0.0,0.05227567
0.0,0.0018368895
0.0,0.43978885
0.0,0.22995557
0.0,0.0010182002
0.0,0.025044417
0.0,0.0019261132
0.0,0.0010576149
0.0,0.42011225
0.0,0.977557
0.0,0.025461758
0.0,0.19679439
0.0,0.6539231
0.0,3.1668962e-05
0.0,0.017574372
0.0,0.7466371
0.0,1.0008079e-05
0.0,0.7084207
0.0,2.5185182e-05
0.0,0.020280033
1.0,0.31936845
0.0,0.9213908
0.0,0.38684362
0.0,0.0028746128
0.0,0.0017909168
0.0,0.7030364
0.0,0.6496589
0.0,0.3587095
0.0,0.48037776
0.0,0.00017762942
0.0,1.666834e-05
0.0,0.09440024
0.0,7.2810317e-06
0.0,0.0002916416
0.0,0.0020273302
0.0,0.95095253
0.0,0.49453074
1.0,0.8032334
0.0,7.034692e-05
0.0,4.062548e-05
0.0,0.00048512878
0.0,0.7170331
0.0,0.16364592
0.0,0.00013523344
0.0,0.6222371
0.0,0.24002954
0.0,7.96623e-05
0.0,0.10260992
0.0,0.0028155018
0.0,0.0022964168
0.0,0.676704
0.0,0.24992052
0.0,0.00034057314
0.0,0.04816195
0.0,0.05817573
0.0,2.2294435e-05
0.0,0.013415961
0.0,0.9692462
0.0,0.55187464
0.0,0.21882589
0.0,0.9193768
0.0,0.039009616
0.0,0.015383221
0.0,0.0011221125
0.0,0.00042341684
1.0,0.94381344
0.0,0.007274483
0.0,0.579006
1.0,0.51806206
0.0,0.00017633812
0.0,0.00042878598
0.0,0.1898532
0.0,4.656472e-05
0.0,0.013403696
0.0,0.329305
1.0,0.51153964
0.0,0.0010750438
0.0,0.97329223
0.0,0.73430973
1.0,0.8832715
0.0,0.019277452
0.0,0.0030367856
0.0,0.8618872
0.0,0.40681192
0.0,0.2444151
1.0,0.9674105
0.0,2.6467691e-05
0.0,0.05885923
0.0,0.64582807
0.0,0.5385462
0.0,0.5404458
0.0,0.5882994
0.0,0.012400849
0.0,7.897618e-06
0.0,0.13873227
0.0,0.0012695567
0.0,0.7165589
0.0,0.2893553
0.0,0.0018892689
0.0,0.13203838
0.0,0.044263214
0.0,0.83441705
0.0,5.075227e-07
0.0,0.0045638736
1.0,0.9961743
0.0,0.57375145
0.0,0.029290415
0.0,0.9630722
0.0,1.1831045e-06
0.0,3.4641948e-07
0.0,0.02441394
0.0,0.7824913
0.0,0.044020467
0.0,0.010367437
0.0,0.13734621
0.0,0.019330539
0.0,0.3180897
0.0,0.0004667484
0.0,0.5006904
0.0,0.8916619
0.0,0.00027017324
0.0,0.28103456
0.0,0.48965448
0.0,0.0008408517
0.0,0.008907704
0.0,0.05280368
0.0,0.8858341
0.0,0.09327079
0.0,0.016242748
0.0,0.0014629449
0.0,0.103041284
1.0,0.85228133
0.0,0.4911806
0.0,0.2616763
0.0,0.25424284
0.0,0.075637035
0.0,0.08561873
0.0,0.95731306
0.0,0.38776124
0.0,0.49691576
0.0,0.07072691
0.0,0.13465
0.0,0.24876852
0.0,0.009860479
1.0,0.9793927
1.0,0.9622989
1.0,0.8114331
0.0,0.034783486
0.0,0.002944737
0.0,0.13729696
0.0,0.7257155
0.0,7.697695e-06
0.0,0.112182125
0.0,0.000325184
0.0,0.4110537
1.0,0.97841406
0.0,0.5752076
0.0,5.685178e-06
0.0,0.7699872
0.0,0.4367871
0.0,0.35647705
0.0,0.00035987864
0.0,0.0215145
0.0,0.00020746469
0.0,0.00011997197
1.0,0.9979462
0.0,2.1173413e-05
0.0,0.0002915076
0.0,1.0857682e-05
0.0,0.0022224518
0.0,0.00017535791
0.0,0.0036674317
0.0,0.45387173
0.0,0.17881414
0.0,0.010427835
0.0,0.24289607
0.0,0.001431948
0.0,0.58872795
0.0,0.9512392
0.0,0.12943487
0.0,0.9715674
0.0,0.0009779959
0.0,0.044452593
0.0,0.0019626438
0.0,0.08148154
1.0,0.981875
0.0,0.13595875
0.0,0.14426121
0.0,0.000111301975
0.0,0.0031200098
1.0,0.9700402
0.0,0.061924048
0.0,0.0024606534
0.0,0.28278425
0.0,0.6124601
0.0,1.5377584e-05
0.0,0.00014290406
0.0,0.0017274497
1.0,0.9995938
0.0,0.06666907
0.0,0.054646246
1.0,0.77646804
0.0,0.028177507
0.0,0.050697416
0.0,3.3133398e-05
0.0,0.18813384
0.0,3.2920612e-05
0.0,0.011433663
1.0,0.7375419
0.0,0.1864503
0.0,0.0015789588
0.0,0.0041036243
0.0,0.07063961
0.0,7.361394e-05
0.0,0.07844162
1.0,0.9935923
0.0,0.8104929
0.0,0.6208041
0.0,0.73733133
0.0,0.0003623354
0.0,0.050102524
0.0,0.6380411
0.0,5.704244e-05
0.0,8.558464e-05
0.0,0.0055620675
0.0,0.38462555
0.0,0.00072184746
0.0,0.19027786
0.0,0.0013093019
0.0,0.03280452
0.0,0.10367977
0.0,0.0012522169
0.0,0.75239
0.0,0.4782664
1.0,0.9765387
0.0,0.00016147988
1.0,0.3959609
0.0,0.93136406
0.0,0.5993158
0.0,7.00907e-06
0.0,0.42310438
0.0,0.08932913
0.0,0.0010468385
0.0,0.00036567365
0.0,0.27889073
0.0,0.31024796
0.0,0.5944731
0.0,0.013002015
0.0,3.0975112e-05
0.0,0.8759751
0.0,0.9983342
0.0,0.029780516
0.0,0.037632406
0.0,0.3944891
0.0,3.708277e-05
1.0,0.99555814
0.0,9.787656e-05
0.0,0.16182159
0.0,0.5568804
0.0,0.7657059
0.0,0.0006332613
0.0,0.47780988
0.0,0.0024134032
0.0,0.004579893
0.0,0.0167977
0.0,0.044447754
0.0,0.00034402063
0.0,0.014024118
0.0,0.00024526773
0.0,0.19773309
0.0,0.39911458
0.0,0.0009193254
0.0,0.9518334
0.0,0.17158306
0.0,0.021943029
0.0,1.4173916e-05
0.0,0.6593051
1.0,0.985052
0.0,0.23071916
0.0,0.78668016
0.0,0.0073639853
0.0,0.004239352
1.0,0.9670889
0.0,0.4123066
1.0,0.9867921
1.0,0.99142706
0.0,0.00045604544
0.0,0.119797006
0.0,0.62380505
0.0,0.0003097458
1.0,0.9340902
0.0,0.06380424
0.0,0.09878022
0.0,0.8675442
0.0,0.63721824
0.0,0.4114428
0.0,0.15630381
0.0,0.00012004968
0.0,0.008832519
0.0,4.697226e-06
0.0,0.9988826
0.0,0.9862867
0.0,0.77080816
0.0,0.00350355
0.0,0.374104
0.0,0.98211783
0.0,8.7634275e-05
0.0,1.6890788e-06
0.0,0.015427224
0.0,0.6358943
0.0,0.00016251465
0.0,0.6560724
0.0,0.0024846925
0.0,0.00048476845
0.0,0.0024644802
0.0,0.00014162388
0.0,0.68438864
0.0,0.12920943
1.0,0.313741
0.0,0.21639305
0.0,3.0254737e-06
0.0,0.012664168
1.0,0.98755825
1.0,0.8360553
0.0,0.00017590098
0.0,0.9064192
0.0,0.5908735
0.0,0.02458356
0.0,0.018385703
0.0,0.9674519
1.0,0.8056922
0.0,0.9469644
1.0,0.77823544
0.0,2.1925915e-05
0.0,0.0013684212
1.0,0.9778372
0.0,0.20115788
0.0,0.00010026688
1.0,0.9780164
0.0,0.36765876
0.0,0.183726
0.0,0.2868629
0.0,0.0014740124
0.0,0.18874307
1.0,0.87018293
1.0,0.9326792
0.0,0.36715418
0.0,0.1362382
0.0,0.021517185
0.0,0.02038895
0.0,0.0007304132
0.0,0.62999666
0.0,0.23600009
0.0,0.00023106013
0.0,0.20781948
0.0,0.04968136
0.0,0.18698625
0.0,1.8521006e-05
0.0,0.0013814904
0.0,0.00011390364
0.0,0.2855823
0.0,4.4663477e-05
0.0,0.00057348487
0.0,8.201366e-06
0.0,0.17517386
0.0,1.2236452e-05
0.0,2.683768e-05
0.0,0.0005083786
1.0,0.8845598
0.0,0.053658232
1.0,0.9758915
0.0,0.00036414698
0.0,0.010330907
0.0,0.0003927059
0.0,0.00032287237
0.0,3.1654832e-05
0.0,0.19347887
0.0,0.000351239
1.0,0.9433391
0.0,0.6774474
0.0,0.00053354615
0.0,0.022821514
0.0,0.0017335955
0.0,0.014861834
0.0,2.773353e-05
0.0,0.8506833
0.0,0.00068961125
0.0,0.9480513
0.0,0.048610404
0.0,0.050877172
0.0,0.00025804577
0.0,0.6950254
0.0,0.35438937
0.0,0.1987887
0.0,0.67505
1.0,0.973769
0.0,4.6317287e-05
0.0,0.25111637
0.0,0.0004778488
0.0,1.5427172e-06
0.0,0.024271041
0.0,0.22048153
0.0,0.0011771288
0.0,0.0048572747
0.0,0.765338
0.0,0.7672307
0.0,4.5232623e-06
0.0,0.46725914
0.0,0.61249775
0.0,0.008898976
0.0,0.8561159
0.0,0.29001048
0.0,0.056147266
0.0,5.8507063e-05
0.0,0.03840674
1.0,0.72345334
1.0,0.9419471
0.0,0.0006454773
0.0,0.0003000328
1.0,0.81141645
0.0,0.12264428
0.0,0.68602186
0.0,0.0001558823
0.0,0.022913096
0.0,0.021637904
0.0,0.95784533
0.0,0.4910949
0.0,0.104207784
0.0,0.0020167946
0.0,0.03391201
0.0,0.034578476
0.0,0.0067011267
0.0,0.0001391646
1.0,0.9797
0.0,0.0017531418
0.0,0.07444788
0.0,0.15860254
0.0,0.013283058
0.0,0.07275338
0.0,0.26855218
0.0,0.8203989
0.0,0.0055182683
0.0,0.00043368316
0.0,9.111095e-06
0.0,0.0011197462
0.0,0.07436837
0.0,0.008392664
0.0,0.027545862
0.0,0.72993165
0.0,0.85391605
0.0,0.7124992
0.0,0.010510092
0.0,0.15726705
0.0,8.985604e-06
1.0,0.8362869
1.0,0.98316634
0.0,0.047729444
1.0,0.96164584
0.0,0.52247775
0.0,7.543393e-05
0.0,0.0033174169
0.0,0.6816255
0.0,2.7944374e-05
0.0,1.2819912e-06
0.0,0.9059997
0.0,0.008263794
0.0,0.2152236
0.0,0.05839449
0.0,6.458611e-05
1.0,0.9341061
0.0,0.022587022
0.0,0.121654175
0.0,0.021600692
0.0,0.95183265
0.0,6.072819e-06
0.0,0.0068268417
0.0,0.96553206
0.0,0.018759022
1.0,0.7773628
0.0,0.00032371382
0.0,0.46366897
1.0,0.88199615
0.0,0.28371924
1.0,0.5987183
0.0,0.22274567
0.0,0.0463878
0.0,0.98115414
0.0,0.56479836
0.0,0.014930315
0.0,0.0022997502
0.0,0.00024088942
0.0,0.8505527
0.0,0.18344758
1.0,0.9564438
0.0,0.0008872088
1.0,0.93332785
0.0,0.01145819
0.0,0.0028659403
0.0,0.002098754
0.0,0.01054488
0.0,0.8142489
0.0,0.89248276
0.0,0.38926226
0.0,0.16347007
1.0,0.9356506
0.0,8.52976e-05
1.0,0.9966968
0.0,0.06358248
0.0,0.006206799
0.0,0.38798586
0.0,4.2887772e-05
0.0,6.241762e-05
0.0,6.4067826e-05
0.0,0.16690488
0.0,0.064384334
0.0,2.0280353e-05
0.0,0.012883896
0.0,0.9996088
0.0,0.3983259
0.0,0.00010264264
0.0,6.766977e-05
0.0,0.4975125
0.0,1.0652867e-05
0.0,0.051545158
0.0,0.00018549827
0.0,0.023496877
0.0,5.4420143e-05
0.0,0.6666944
1.0,0.892076
1.0,0.9881982
0.0,0.5668538
0.0,0.75802034
1.0,0.84549206
0.0,0.0224773
0.0,6.950043e-05
0.0,0.0015851703
0.0,4.0707346e-05
0.0,9.005581e-05
0.0,0.25606182
0.0,0.0029875252
0.0,0.089963965
0.0,0.006574553
0.0,0.006114028
0.0,0.076876126
0.0,0.3113963
0.0,0.58940256
0.0,0.000120260614
0.0,0.99845016
0.0,0.001975022
0.0,0.00017922933
0.0,0.001415638
0.0,0.73849756
0.0,2.7965889e-05
0.0,0.85941976
0.0,0.0029883361
0.0,0.6122955
0.0,0.013529933
0.0,0.00013303202
0.0,0.2519323
0.0,0.7008098
0.0,0.00062421086
0.0,0.7301332
0.0,0.050712366
0.0,0.0020703892
0.0,2.9017257e-05
0.0,0.24125591
0.0,0.89678466
0.0,0.9642037
0.0,0.44298297
0.0,0.38181886
1.0,0.003651718
0.0,0.9571421
0.0,9.835173e-05
0.0,0.19723202
0.0,0.25191024
0.0,0.0028431015
0.0,0.0003125002
0.0,0.0006010835
1.0,0.979322
0.0,0.01626631
0.0,0.021319557
0.0,0.7977878
0.0,1.649761e-05
0.0,0.7452342
0.0,0.00019834812
0.0,0.079519205
0.0,0.999164
0.0,0.0004904986
0.0,0.7701755
1.0,0.31939447
0.0,3.8448657e-06
0.0,0.8376353
0.0,8.1564736e-05
1.0,0.96068895
0.0,0.0014749139
0.0,1.0304538e-05
0.0,0.8065014
0.0,0.29201314
0.0,0.0016053399
0.0,0.84079385
0.0,0.5909012
0.0,1.2260643e-05
0.0,0.7726873
0.0,1.6810465e-05
0.0,0.0019295316
0.0,0.00043660298
0.0,0.027860356
0.0,0.0034880803
0.0,0.0027347563
1.0,0.53932375
0.0,3.060848e-06
0.0,0.0043355636
0.0,0.8039103
1.0,0.55924696
0.0,0.2569833
0.0,0.0005831067
0.0,0.8688521
0.0,0.19461226
0.0,0.3554561
0.0,0.18714629
1.0,0.82085663
0.0,0.4867773
0.0,0.0046976833
0.0,0.06333713
0.0,1.3072677e-05
0.0,0.8365488
0.0,1.1683289e-06
1.0,0.68665063
0.0,0.0004574005
0.0,0.042372733
0.0,0.0040926384
0.0,0.0017421318
0.0,0.00028534594
0.0,0.008117976
0.0,0.00015123648
0.0,0.12413312
0.0,1.7724176e-05
0.0,1.1139239e-06
0.0,0.17180079
0.0,0.00017831092
0.0,0.6064689
0.0,0.27488938
0.0,0.1466371
0.0,0.15053435
0.0,1.5178921e-05
0.0,0.0002885558
0.0,0.048340768
0.0,0.00015424553
0.0,0.5164931
0.0,0.032484263
0.0,0.0003084057
0.0,0.00016254427
0.0,0.487733
0.0,0.84823567
0.0,0.7701135
0.0,5.6293622e-05
1.0,0.41878188
0.0,0.4015783
0.0,0.000342275
0.0,0.013472324
0.0,0.27135718
0.0,0.042622656
0.0,0.00023189417
1.0,0.5865381
0.0,0.6411662
0.0,0.0014816194
0.0,0.7745022
0.0,0.12693365
0.0,0.4594491
0.0,0.020585012
0.0,0.44413304
0.0,0.00030154263
0.0,0.32062614
0.0,0.355468
0.0,0.8796599
0.0,0.15918216
0.0,3.103558e-05
0.0,0.41516885
1.0,0.97285175
0.0,0.07233761
0.0,0.42041114
1.0,0.9912368
0.0,0.45904443
0.0,0.07076968
0.0,4.9884056e-06
0.0,0.5694463
0.0,0.38218027
0.0,0.103665456
0.0,0.75123084
0.0,9.6098935e-05
0.0,7.6891185e-05
0.0,1.2430296e-05
1.0,0.9383177
0.0,0.24581502
0.0,0.18923466
1.0,0.99201196
0.0,0.93661505
0.0,0.002136879
0.0,0.48373365
0.0,0.39782667
0.0,0.27939653
0.0,0.10530884
0.0,0.0030309386
0.0,0.0006403591
1.0,0.9806465
0.0,0.00019444736
0.0,0.9813928
0.0,0.14767642
0.0,5.2756727e-06
1.0,0.2783895
0.0,0.3773596
1.0,0.13784154
0.0,6.375942e-05
0.0,0.28036642
0.0,0.00017710953
1.0,0.6419334
0.0,0.00019047942
0.0,4.4370216e-05
0.0,0.42822966
1.0,0.92828274
0.0,2.0827076e-05
0.0,0.00020222255
0.0,0.94954604
0.0,0.12145749
0.0,0.13405533
0.0,0.18217282
1.0,0.7840269
0.0,0.59603304
0.0,0.00077974156
0.0,0.40525052
0.0,0.02810359
0.0,0.77021366
0.0,9.0855494e-05
0.0,0.014016979
0.0,0.14565115
0.0,3.0526837e-07
0.0,0.0015470299
0.0,0.27582544
0.0,6.5531036e-05
0.0,6.285712e-05
0.0,0.122485034
0.0,0.10170835
0.0,0.76917183
0.0,0.0003622418
0.0,0.9048257
0.0,0.0064224615
0.0,3.0600224e-06
0.0,0.001286194
0.0,0.3245288
0.0,6.0854745e-06
0.0,0.002010588
1.0,0.16524717
0.0,0.043646034
0.0,0.00022338335
0.0,0.29315197
0.0,0.33395293
0.0,0.0001795574
0.0,0.47831953
1.0,0.16939464
0.0,0.6357576
0.0,0.087604664
0.0,0.050915524
0.0,0.048742216
1.0,0.80571854
0.0,0.05052571
0.0,0.31995896
0.0,0.08815352
0.0,9.645234e-06
0.0,0.19330983
0.0,0.0025099623
0.0,2.0131518e-05
0.0,0.09655832
0.0,0.58914363
0.0,0.53699124
0.0,0.30615243
0.0,0.32319328
0.0,1.1696895e-05
0.0,0.17895994
1.0,0.9678178
0.0,0.0010144763
0.0,0.58592784
0.0,0.13438597
0.0,0.5768957
0.0,0.00092233444
0.0,7.400852e-05
0.0,5.7181052e-05
0.0,0.551373
0.0,1.4444967e-06
0.0,0.100020334
0.0,0.0046464284
0.0,0.00614083
0.0,0.0014458334
0.0,0.0018333818
0.0,0.063762605
0.0,0.7119499
0.0,0.09233592
0.0,0.1493582
0.0,0.13940156
0.0,0.5797554
0.0,0.0054039513
0.0,0.71800935
0.0,0.0003475154
0.0,0.017411081
1.0,0.40169376
0.0,0.20817904
0.0,0.07687352
0.0,0.0014007417
0.0,6.513032e-05
1.0,0.9809225
0.0,0.07674894
0.0,0.7098162
0.0,0.15377475
0.0,0.06426431
0.0,0.57588047
0.0,0.0018937384
0.0,0.3970362
0.0,0.1295151
0.0,0.7896271
0.0,0.0031056171
0.0,0.71212286
0.0,0.20634371
0.0,0.02294387
0.0,0.9903978
0.0,0.046207525
0.0,0.0022980813
0.0,0.2961881
0.0,0.0015453803
0.0,0.077678636
0.0,0.60883486
0.0,3.7715745e-06
0.0,0.022478737
0.0,0.6276826
0.0,0.08189305
0.0,0.0009410891
0.0,0.029124506
0.0,0.00027635097
0.0,0.049148683
0.0,0.000131937
0.0,0.15954424
1.0,0.98198825
0.0,7.807596e-05
0.0,0.0030320638
0.0,0.15346245
0.0,0.1397107
0.0,0.34346163
0.0,0.0002524754
0.0,0.43054563
0.0,0.19598393
0.0,0.000810463
0.0,0.06665084
0.0,0.820543
1.0,0.2293518
0.0,0.00077025755
0.0,0.0036722943
0.0,0.20252609
0.0,0.1411208
0.0,0.6499511
0.0,0.47007543
0.0,0.058831528
0.0,0.7946736
1.0,0.9690568
0.0,0.026385114
0.0,0.016553806
0.0,0.0020524568
0.0,0.2574524
0.0,0.24976738
0.0,1.4682669e-05
0.0,0.40015128
0.0,6.708604e-05
1.0,0.6703886
0.0,0.9869566
0.0,0.15518072
0.0,0.005694529
0.0,0.76852494
0.0,3.5112676e-05
0.0,0.028783541
0.0,0.301085
1.0,0.5375079
1.0,0.8991198
0.0,4.65502e-05
0.0,0.12511712
0.0,0.07978185
1.0,0.7232609
0.0,0.9475058
0.0,0.7107502
0.0,0.05554804
1.0,0.94124585
1.0,0.92932427
0.0,0.46898055
0.0,0.077233635
0.0,0.03590718
0.0,0.4626525
0.0,0.40300527
0.0,0.06508864
0.0,0.00016688224
0.0,0.50217736
0.0,0.012391263
0.0,0.0046997014
0.0,0.9948608
0.0,0.034820173
0.0,0.6886369
0.0,0.103148535
0.0,0.026910717
1.0,0.99286836
0.0,0.051616106
0.0,0.0076411325
0.0,0.010983844
0.0,0.94407034
1.0,0.44952613
0.0,0.0061312485
0.0,0.40541694
0.0,0.271291
0.0,0.7121791
0.0,0.6227956
0.0,0.508167
1.0,0.95782375
0.0,0.009010417
0.0,0.00021745586
0.0,0.29137072
0.0,0.855817
0.0,0.17130387
0.0,4.305854e-05
0.0,0.0028555454
0.0,0.01185974
0.0,0.057491925
0.0,0.004737828
1.0,0.94745815
0.0,0.58707595
0.0,8.981781e-05
0.0,1.1833177e-06
0.0,0.5320532
0.0,0.16060993
0.0,2.1199103e-06
0.0,0.01516434
0.0,0.0016472011
0.0,2.888567e-05
0.0,0.9240032
0.0,0.0011273829
0.0,0.015229273
0.0,0.00026544457
0.0,0.9123477
0.0,0.7337704
0.0,0.013945288
0.0,0.00015256919
1.0,0.46807155
0.0,0.09663784
0.0,0.5843713
0.0,0.020932266
0.0,0.7125412
0.0,0.34294
1.0,0.9982728
0.0,0.3133428
0.0,0.009374781
0.0,0.0028824755
0.0,0.0037546807
0.0,0.024268707
0.0,0.009727062
0.0,0.85801494
0.0,0.4635172
0.0,0.31061012
1.0,0.97323245
0.0,0.16564173
0.0,0.46621564
0.0,6.2039435e-06
0.0,0.003650195
0.0,0.0005210718
1.0,0.9707092
0.0,0.00021885677
0.0,0.00077456865
0.0,0.00033524015
0.0,1.3608912e-05
0.0,0.00016938635
0.0,0.0010809487
0.0,0.28295022
0.0,0.16315234
0.0,0.00021400973
0.0,0.53587884
0.0,0.03671154
0.0,7.9089834e-05
0.0,0.0060903854
0.0,6.629408e-06
0.0,0.026209092
0.0,0.77339935
0.0,0.112861656
0.0,0.0984969
1.0,0.8935461
0.0,0.0040216357
0.0,0.31412956
0.0,0.5146924
0.0,0.2445319
0.0,0.055280738
0.0,0.1962716
0.0,0.3176316
1.0,0.9959288
0.0,0.40059048
0.0,0.016401172
0.0,0.0018502886
0.0,0.48379764
0.0,0.1634105
0.0,0.00019200456
0.0,0.13738294
0.0,0.56061274
0.0,0.9463975
0.0,0.5980591
0.0,0.0009048946
0.0,0.9180042
0.0,0.117309876
0.0,9.575828e-05
0.0,0.18289298
0.0,0.06534943
0.0,0.0012081618
0.0,0.50039184
0.0,0.051887397
0.0,0.94944924
0.0,0.03903797
1.0,0.9960055
0.0,0.0005535173
1.0,0.5973264
0.0,0.47913152
0.0,0.31798413
0.0,0.010976595
0.0,0.00042204774
0.0,0.7264814
0.0,0.00010649038
0.0,0.00064972206
0.0,0.33319315
0.0,0.9557834
0.0,0.017946055
0.0,0.15391178
0.0,9.578109e-06
0.0,0.00014079042
0.0,0.009738187
0.0,0.16917145
0.0,0.03210193
1.0,0.28802377
0.0,0.07342525
0.0,0.04935579
0.0,0.06705636
0.0,0.46213755
0.0,0.0025297008
0.0,0.08366198
1.0,0.9731742
0.0,4.9702135e-06
0.0,0.0001502112
0.0,0.08355521
0.0,0.65359765
0.0,0.0006239839
0.0,0.0008056947
0.0,0.9789958
0.0,0.00310514
1.0,0.9485413
0.0,0.048735928
0.0,7.300379e-05
0.0,0.08881458
0.0,0.0001995443
0.0,0.029948708
0.0,0.24905415
0.0,5.1608935e-05
0.0,0.5990856
1.0,0.98427224
0.0,0.0105109345
0.0,0.0062385187
0.0,0.8313276
0.0,8.017473e-05
0.0,0.5402993
0.0,0.0005482171
0.0,0.025587816
0.0,4.2076736e-05
1.0,0.9868902
0.0,0.8707661
1.0,0.45929283
0.0,0.98804384
1.0,0.9800336
0.0,3.4544333e-05
0.0,0.036329336
0.0,0.07317604
0.0,1.9706858e-05
0.0,0.00012824153
0.0,0.6693234
0.0,0.00021889582
0.0,5.0886338e-05
0.0,0.005096899
0.0,4.142442e-05
0.0,0.7519371
0.0,0.31935915
0.0,0.08167439
0.0,0.00078610965
0.0,0.8492619
0.0,0.4605783
0.0,0.15466169
0.0,0.73015463
1.0,0.9577387
0.0,0.0011564047
0.0,0.0002308155
0.0,0.2938104
0.0,0.00016944225
1.0,0.93864715
0.0,0.00015006316
0.0,0.8150891
0.0,0.015537243
0.0,0.102603406
0.0,0.8820798
0.0,0.016467612
0.0,0.00046838343
0.0,0.21622594
0.0,0.031472754
0.0,0.880541
0.0,0.022078596
0.0,0.0046078223
0.0,0.0016454268
0.0,0.57836807
0.0,0.00029185493
0.0,0.03186461
0.0,0.008960238
0.0,0.8148366
0.0,0.0009632101
0.0,0.17699784
0.0,0.008917972
0.0,0.026409574
0.0,0.00036369025
0.0,0.018185848
0.0,7.006166e-05
0.0,0.00036810152
0.0,0.011389917
0.0,0.00023095374
0.0,0.96575814
1.0,0.9691915
0.0,7.5236335e-06
0.0,0.018179446
1.0,0.9920467
0.0,0.5783899
0.0,0.00013081222
0.0,0.16860917
0.0,4.5238183e-05
0.0,0.048040695
0.0,0.000859694
0.0,0.0032515284
0.0,0.005226421
0.0,0.22328874
1.0,0.9875689
0.0,0.048968926
0.0,0.3720264
0.0,0.11947107
0.0,4.1670828e-05
0.0,0.06584213
0.0,0.04247702
0.0,2.6483706e-06
1.0,0.80460304
1.0,0.83244836
0.0,0.14513336
0.0,0.7163
0.0,6.745882e-05
0.0,0.0007379203
0.0,0.52422774
0.0,0.2587656
0.0,0.78322536
0.0,0.43028617
0.0,0.10651292
0.0,0.07081554
0.0,0.99902964
0.0,0.16385216
0.0,0.03908744
0.0,0.55267143
0.0,0.0026232367
0.0,0.10224639
0.0,0.0011283385
0.0,0.20109014
0.0,0.0016365967
0.0,2.7458188e-06
0.0,0.25616366
0.0,0.87288904
0.0,0.5424915
0.0,0.016734548
0.0,0.05829451
0.0,4.3658947e-05
0.0,0.19559509
0.0,0.00049020606
0.0,0.023443755
0.0,0.98468995
0.0,0.00043347172
0.0,0.1507521
0.0,0.0017421012
0.0,0.79123574
0.0,0.00079784263
0.0,1.3731052e-05
1.0,0.96701425
1.0,0.9770513
1.0,0.9964972
0.0,0.47838685
0.0,0.00034700704
0.0,0.00038829964
0.0,0.026064456
0.0,8.507373e-05
0.0,0.5807508
0.0,0.009968632
0.0,0.7941551
0.0,0.3931984
1.0,0.9791495
0.0,0.9552696
0.0,0.0014101174
0.0,0.030548705
0.0,0.3105923
1.0,0.9850423
1.0,0.33481425
1.0,0.98199284
0.0,0.8489009
0.0,6.429133e-05
0.0,0.025512982
0.0,0.6072656
0.0,0.7786288
0.0,0.33835626
0.0,0.08291032
0.0,0.31806058
0.0,1.3922325e-05
0.0,0.48926368
0.0,0.35950574
0.0,0.7677802
0.0,0.0001080061
0.0,0.08694595
0.0,5.6427773e-05
0.0,0.6719882
1.0,0.9814767
1.0,0.9496411
0.0,6.9226708e-06
0.0,0.18201455
1.0,0.9647252
0.0,3.0100515e-05
0.0,0.00036013676
0.0,0.00081316713
0.0,0.033784915
0.0,0.71090996
0.0,0.00012359866
0.0,0.91606754
0.0,0.0010166009
0.0,0.05611195
0.0,0.03345631
0.0,5.259898e-05
0.0,0.8475289
0.0,0.46464458
0.0,5.8095056e-06
0.0,0.00033322888
0.0,9.585896e-05
0.0,6.3379215e-05
0.0,0.020845499
1.0,0.97275895
0.0,0.14727107
0.0,0.1455528
0.0,0.022676792
0.0,0.14596678
0.0,0.9113464
0.0,0.15975432
0.0,0.3294665
1.0,0.067712165
0.0,0.0019554836
0.0,1.1880968e-05
0.0,1.8598264e-05
0.0,0.22909641
0.0,0.084999725
0.0,0.31432676
0.0,0.46618906
0.0,0.14406683
0.0,0.00035922497
0.0,0.0043314653
0.0,0.2046406
0.0,0.68727887
0.0,0.26778892
0.0,0.5774491
0.0,0.0136699695
0.0,0.18965293
0.0,0.6651111
0.0,1.8195256e-05
0.0,0.13887592
0.0,0.031674113
0.0,0.5025348
1.0,0.99813133
0.0,1.0456293e-05
0.0,0.109258614
0.0,0.17688167
0.0,3.0664945e-05
0.0,0.00015823165
0.0,0.0007121928
0.0,0.004655722
0.0,0.26945752
1.0,0.8687776
0.0,0.00020464775
0.0,0.5238748
0.0,0.011196641
0.0,4.856152e-05
1.0,0.98726153
1.0,0.9955538
0.0,0.33770987
0.0,3.8853486e-05
1.0,0.9720096
0.0,0.00014960655
0.0,0.000106978216
0.0,0.00015517135
0.0,0.49406552
0.0,0.89778996
0.0,3.8329355e-05
1.0,0.5300526
0.0,0.0025971788
0.0,0.16691034
0.0,0.02887954
0.0,0.26281112
0.0,0.699537
0.0,0.24029946
0.0,0.29447505
0.0,0.13573746
0.0,0.75930023
0.0,6.8900714e-05
0.0,0.026053758
0.0,0.5444764
0.0,0.00599327
0.0,0.0005504752
0.0,0.03467082
0.0,9.284725e-05
0.0,0.00073993177
0.0,5.0820916e-05
0.0,0.08256287
0.0,0.0327841
0.0,0.995663
0.0,0.00038935454
0.0,0.027788298
0.0,0.10891535
0.0,0.15809946
0.0,0.31938908
0.0,0.42740005
0.0,0.08377784
0.0,0.04178019
0.0,0.65012187
0.0,0.22552247
0.0,3.9822808e-06
0.0,0.0010096033
1.0,0.92078257
0.0,0.06887905
0.0,0.017963072
0.0,0.00080342835
1.0,0.94347
0.0,0.7918157
0.0,0.13384011
0.0,0.5535859
0.0,0.00015865103
0.0,0.92103076
0.0,2.3259088e-06
0.0,0.0025325553
1.0,0.8785107
0.0,0.042024955
0.0,4.4341115e-05
0.0,0.99092066
1.0,0.9990484
1.0,0.9514829
0.0,0.18567212
0.0,0.0001654127
0.0,0.08854196
0.0,0.40101016
0.0,0.00014319063
0.0,0.008985479
0.0,5.186944e-07
0.0,0.5094497
0.0,0.7496906
0.0,0.00012668943
0.0,0.32916996
0.0,0.7841289
0.0,0.05539067
0.0,0.8588672
0.0,0.30375996
0.0,0.0003782746
0.0,2.2645534e-05
1.0,0.8813602
0.0,0.00010413733
0.0,0.047524776
0.0,0.00055401534
0.0,8.780877e-05
0.0,0.00020801813
0.0,0.24920663
0.0,0.0015393177
0.0,0.003262327
0.0,0.13240038
0.0,0.40486905
1.0,0.05354086
0.0,0.008304732
0.0,0.037040196
0.0,0.16438164
0.0,0.0004603028
0.0,0.07307262
0.0,0.00094067416
0.0,0.001787272
0.0,0.3618209
0.0,0.0007785495
0.0,0.061984703
0.0,3.7215337e-05
1.0,0.99263364
0.0,0.044313226
0.0,0.026496107
0.0,9.214748e-06
0.0,0.60754746
0.0,0.0016260737
0.0,0.15557984
0.0,0.00013982647
0.0,0.43671182
0.0,0.3033756
0.0,0.00016483158
0.0,0.6818461
0.0,3.183593e-05
1.0,0.92045844
0.0,0.07237962
0.0,0.06977091
0.0,0.32926315
1.0,0.4633485
0.0,0.00011709117
1.0,0.8187486
0.0,0.0061065964
0.0,0.0016953431
0.0,0.00021452967
0.0,0.24705814
0.0,0.008093581
0.0,0.06227933
0.0,0.0922337
0.0,5.8085034e-06
0.0,0.0036224066
1.0,0.37785283
0.0,0.1819644
0.0,0.06972335
0.0,0.2337307
0.0,0.00024948976
0.0,0.72552466
0.0,7.54417e-05
0.0,2.5930435e-06
0.0,0.1610317
0.0,0.059442706
0.0,0.10909196
0.0,0.39283228
0.0,0.0001232068
0.0,0.0006095367
0.0,0.0031030788
0.0,0.095591955
0.0,0.4796831
0.0,0.0036015748
0.0,0.5488057
0.0,0.00049635523
0.0,7.480564e-06
0.0,0.28816277
0.0,0.0005159911
0.0,0.00020522065
0.0,5.5785727e-05
0.0,0.0681332
0.0,0.020611564
0.0,0.0021943757
0.0,0.32716754
0.0,0.98700225
0.0,0.08223775
0.0,0.213026
0.0,0.06961706
0.0,0.004201685
0.0,0.00014752458
0.0,0.58636975
0.0,0.30322698
1.0,0.9909713
0.0,0.9246681
0.0,0.022583295
0.0,0.010267314
0.0,0.006242653
1.0,0.99331665
0.0,0.00011714778
0.0,0.00053195696
0.0,0.0137876915
0.0,3.973324e-06
0.0,0.43060896
0.0,0.64736176
0.0,0.012755981
0.0,1.2890482e-05
0.0,0.95083547
0.0,0.063295625
0.0,0.7595631
1.0,0.95567286
0.0,0.9740856
0.0,0.0029011227
0.0,0.031314246
0.0,0.6792251
0.0,0.05161363
0.0,0.11336604
0.0,4.1552452e-05
0.0,1.4808864e-05
0.0,0.8291021
0.0,1.6515885e-05
1.0,0.9350518
0.0,0.3207723
0.0,0.42182103
0.0,0.17581217
0.0,0.0017897867
0.0,0.13055973
0.0,0.061425045
0.0,0.17930147
0.0,0.0034290485
0.0,3.097171e-05
0.0,4.1357995e-05
0.0,0.00022727446
0.0,2.6774364e-05
0.0,0.0052295486
0.0,0.43144557
1.0,0.9887579
0.0,0.00015869114
0.0,1.1227033e-05
0.0,0.07307922
0.0,0.24860397
0.0,0.38493463
0.0,0.038344175
0.0,0.1258846
0.0,0.0683333
0.0,0.69408184
0.0,0.10130793
0.0,0.0010578299
0.0,0.10342595
0.0,0.0062906477
0.0,0.050056677
0.0,0.20587698
0.0,0.6738247
0.0,0.06960505
0.0,0.0018744299
0.0,0.926705
1.0,0.9973143
0.0,0.02798856
0.0,0.18629445
0.0,0.16331157
0.0,0.0006699919
0.0,0.08325064
0.0,0.00012838359
0.0,0.00072768726
0.0,0.4658662
0.0,0.25505897
1.0,0.99241817
0.0,0.010420383
0.0,0.46821228
0.0,0.00033091844
0.0,0.028037682
0.0,0.0003878272
0.0,0.00086950365
0.0,0.8511818
1.0,0.68670017
0.0,0.7609806
1.0,0.966213
1.0,0.92999655
0.0,0.045788042
0.0,4.5909364e-06
0.0,0.009476872
0.0,0.4413704
0.0,0.4293543
0.0,0.1365105
0.0,0.0056770365
0.0,4.849327e-06
0.0,0.02467844
0.0,0.00038546562
0.0,0.00012524445
0.0,0.00014574871
0.0,0.7824099
0.0,0.32172915
0.0,0.788146
0.0,0.00045378748
0.0,0.048155807
0.0,0.021394169
1.0,0.9867552
0.0,0.00032583444
0.0,0.06976039
0.0,0.4012487
0.0,0.31429228
0.0,0.75199443
0.0,0.00012577607
1.0,0.75234795
0.0,0.75134283
0.0,0.013854159
0.0,0.02386006
0.0,0.042382225
0.0,0.15443967
0.0,0.4646747
0.0,0.005227666
0.0,0.8755965
0.0,0.011095042
0.0,0.12848169
0.0,0.0062753926
0.0,0.03648669
0.0,0.00013498723
0.0,0.24740018
0.0,0.4499647
0.0,0.023722855
0.0,2.4270665e-05
0.0,0.88888335
0.0,0.011100946
0.0,0.0008802832
1.0,0.98125494
0.0,0.00013210822
0.0,2.1852558e-05
0.0,0.008927431
1.0,0.3985264
0.0,0.17911488
0.0,0.6543046
0.0,0.006611853
0.0,0.0005615938
0.0,0.06844649
0.0,0.07961341
0.0,0.6947903
0.0,0.0009298362
0.0,0.8726191
0.0,0.000279574
1.0,0.5678354
0.0,0.0016098777
0.0,0.00045108786
0.0,2.0665337e-05
0.0,0.11033634
0.0,0.5711316
0.0,1.1332421e-06
0.0,0.011350734
0.0,0.12097363
0.0,0.12780476
0.0,0.036120564
0.0,0.13525039
0.0,0.08960012
0.0,0.036393657
1.0,0.5498654
0.0,0.068621896
0.0,0.21405765
0.0,0.09932253
1.0,0.99917245
1.0,0.25527287
0.0,0.64945495
0.0,0.00074964104
0.0,3.1128823e-06
0.0,0.7576278
0.0,0.0006032607
0.0,0.100605056
0.0,0.0784554
0.0,0.7404191
0.0,2.5367557e-05
0.0,0.10809191
0.0,7.722828e-06
0.0,0.09342173
0.0,0.89893234
0.0,0.069266014
1.0,0.9812847
0.0,0.36845332
0.0,0.14763479
1.0,0.9696498
0.0,0.0019449606
0.0,0.45883387
0.0,0.120283775
0.0,1.1296897e-05
0.0,0.23704202
0.0,6.20321e-05
1.0,0.9578578
0.0,0.34608954
0.0,0.012566273
0.0,6.816959e-05
0.0,1.451816e-05
0.0,0.027849104
1.0,0.9793721
0.0,0.021590455
0.0,0.09978142
0.0,0.2557925
0.0,8.178055e-05
0.0,0.5749195
0.0,0.00069721066
0.0,0.028876053
0.0,0.0022201121
0.0,0.58592784
0.0,0.2925673
0.0,0.16893063
0.0,1.2371189e-05
0.0,7.8853445e-05
1.0,0.9144302
0.0,0.00030333118
0.0,0.0008709319
0.0,0.00090224366
0.0,1.9304418e-06
0.0,0.00031158928
0.0,0.0008076741
1.0,0.9123199
1.0,0.9889127
0.0,0.1657436
0.0,0.18523335
0.0,0.00019666695
0.0,0.003951725
0.0,0.19941166
1.0,0.9928266
0.0,0.00034737343
0.0,0.54035956
0.0,0.46833062
0.0,0.00031510595
0.0,0.004673559
0.0,2.7558767e-06
0.0,0.87627083
0.0,3.4643934e-05
0.0,8.6902444e-05
1.0,0.21988368
0.0,0.073958695
0.0,0.5652596
0.0,0.00011519462
0.0,0.1290434
0.0,0.0028207195
0.0,0.037704166
0.0,0.71098995
0.0,0.23968159
0.0,0.47001103
0.0,0.0030046988
0.0,0.11156362
0.0,0.8462041
0.0,0.0065973615
0.0,0.3931289
0.0,1.4855189e-05
0.0,7.642757e-05
0.0,0.9786905
0.0,0.8339353
0.0,0.1325519
1.0,0.58296055
0.0,0.13450971
0.0,0.10510404
1.0,0.8230892
0.0,0.16602255
0.0,0.98150796
0.0,2.3696431e-08
0.0,0.96256286
0.0,0.0002518335
0.0,0.04848927
0.0,0.11454848
0.0,0.0001786649
0.0,9.6771975e-05
0.0,6.2455033e-06
0.0,0.00021567267
0.0,0.12530956
1.0,0.96569157
0.0,0.008877084
0.0,0.12913676
0.0,0.27684373
0.0,0.00024685694
0.0,0.3303632
0.0,0.45575082
0.0,0.76717037
0.0,0.036456887
0.0,0.0022360128
0.0,0.025905777
0.0,0.927185
0.0,0.094810225
0.0,0.000838296
0.0,0.0031251532
0.0,0.8901773
0.0,0.011069983
0.0,0.00694182
0.0,0.00018277152
0.0,0.00043053454
1.0,0.76309085
0.0,0.49879768
0.0,0.019917866
0.0,7.0831193e-06
0.0,0.00028551006
0.0,0.70918566
0.0,0.033388294
1.0,0.6976766
0.0,7.6114325e-06
0.0,3.8986964e-06
0.0,8.031379e-06
0.0,0.44305873
0.0,0.5202785
0.0,0.013735188
0.0,1.6778006e-07
0.0,0.5570466
0.0,0.00015819348
0.0,0.028869241
0.0,0.10497762
0.0,0.21092914
0.0,0.0098012835
0.0,0.6600614
0.0,8.1497405e-05
0.0,0.000167914
1.0,0.99899524
0.0,0.00028169467
0.0,0.059357125
0.0,0.68037105
0.0,0.39366433
0.0,0.90583146
0.0,1.4411131e-06
0.0,0.016811542
0.0,0.015745532
0.0,0.5777803
0.0,7.741324e-05
0.0,0.95821303
0.0,0.017982926
0.0,0.15459932
1.0,0.7154122
0.0,0.0002444089
0.0,0.20780967
0.0,0.6987047
0.0,0.081629895
0.0,4.254709e-05
0.0,0.31165445
1.0,0.8476951
0.0,0.00018852385
0.0,0.021122806
0.0,0.50321835
0.0,0.027490858
0.0,0.2633629
0.0,0.050720114
0.0,0.006112269
0.0,0.023902688
0.0,0.42636523
1.0,0.99797255
0.0,0.66524464
0.0,0.11044651
0.0,0.17959091
0.0,0.089858696
0.0,0.03506294
0.0,0.7333426
1.0,0.82647866
1.0,0.93530405
0.0,0.62128824
0.0,0.3945846
0.0,0.0036744599
0.0,0.00394832
0.0,0.05203671
0.0,0.082720555
0.0,0.037233274
0.0,0.54540867
0.0,0.8091862
1.0,0.8043814
1.0,0.9355791
0.0,0.0043577496
0.0,0.18738371
0.0,0.09739027
0.0,0.07392289
0.0,0.001837723
0.0,0.1037877
0.0,0.12959117
0.0,0.016621353
0.0,0.8335778
0.0,0.00016625915
0.0,0.059119143
0.0,0.41133574
1.0,0.95665604
0.0,0.2108809
0.0,0.6942361
0.0,0.0026005683
0.0,0.6526572
0.0,2.1378319e-05
0.0,0.025704332
0.0,0.04237073
0.0,0.9655678
0.0,0.0017313138
0.0,0.00039973462
0.0,4.359583e-05
0.0,0.65903145
0.0,0.047393013
0.0,0.04524315
1.0,0.8707855
0.0,0.009397489
0.0,0.106806085
0.0,0.14766657
0.0,0.16059156
0.0,0.014094265
0.0,0.0004893004
0.0,0.00014991887
0.0,0.0035403932
0.0,0.09667966
0.0,0.12691152
0.0,0.024486516
0.0,0.90550965
0.0,6.286552e-05
0.0,0.60918564
0.0,0.0063198064
0.0,0.0082116965
0.0,0.48456123
0.0,0.0011917283
0.0,0.21719654
0.0,0.3390607
0.0,0.074249685
0.0,0.28578702
0.0,0.13015185
0.0,0.024380412
0.0,0.27763683
0.0,0.0022765864
0.0,0.01391589
0.0,0.06396199
0.0,0.00031401135
0.0,0.20630413
0.0,0.77164537
0.0,0.06735184
0.0,0.00039307223
0.0,0.0003037514
0.0,0.8316992
0.0,0.00048131603
0.0,0.82141054
0.0,0.04053104
0.0,0.0004772876
0.0,0.0018542585
0.0,0.69988775
0.0,0.5720466
0.0,0.032258913
0.0,0.2409192
0.0,0.0003907137
0.0,0.0008473514
0.0,0.2846656
0.0,3.165444e-05
0.0,0.21219958
0.0,0.00017936884
0.0,0.26882544
0.0,1.0925664e-05
0.0,0.4174096
0.0,0.000521642
0.0,0.003695784
1.0,0.8121377
0.0,2.5538538e-05
0.0,9.556339e-06
0.0,0.20674731
0.0,0.31344378
0.0,0.0043320223
1.0,0.42111656
0.0,0.008575166
0.0,0.00012972047
0.0,0.005407769
0.0,0.23190868
0.0,0.0029198756
0.0,0.013224178
0.0,0.09974418
0.0,0.94456244
0.0,0.050109524
0.0,0.5849374
0.0,0.0047180513
0.0,0.071106605
0.0,0.4127836
0.0,0.8813861
0.0,0.08757047
0.0,2.6123894e-06
1.0,0.9968232
0.0,0.47487307
0.0,0.004324743
0.0,0.35679775
0.0,0.00017744336
0.0,2.6183274e-05
0.0,0.077521
0.0,0.59081286
1.0,0.76279277
0.0,0.39205655
0.0,0.0010397324
0.0,0.77153575
0.0,0.06650266
1.0,0.92729884
0.0,0.74823624
0.0,0.00072291074
0.0,0.080983005
0.0,0.62690127
0.0,0.041489247
0.0,0.0063612466
0.0,0.000418046
0.0,0.09831117
0.0,0.049761128
0.0,0.50289994
0.0,0.19737533
0.0,0.00787434
0.0,8.212683e-05
0.0,0.029787382
0.0,0.0036172832
0.0,7.333886e-05
0.0,0.32836175
0.0,0.03047573
0.0,6.6250985e-05
0.0,0.0029468657
0.0,0.004413473
0.0,1.04168885e-05
0.0,0.7433317
0.0,1.51517015e-05
0.0,0.26042676
0.0,0.688117
0.0,6.6334496e-06
1.0,0.99870634
0.0,0.0003778821
1.0,0.99425715
0.0,0.14666258
0.0,0.3476331
0.0,0.00028984895
0.0,0.09481891
0.0,0.9437639
0.0,3.558189e-07
1.0,0.9688909
0.0,7.2238014e-05
0.0,0.7636877
0.0,0.00047050207
1.0,0.8472817
0.0,3.22319e-05
0.0,2.4107947e-06
0.0,0.010689703
1.0,0.7623575
0.0,0.047395896
0.0,0.09981951
0.0,0.05510406
0.0,0.0016545706
1.0,0.90340805
0.0,0.039275616
0.0,0.0016924347
1.0,0.9914978
0.0,0.87197846
0.0,0.61838704
0.0,0.9185716
0.0,0.00023998345
0.0,0.0001421792
0.0,0.57160467
0.0,0.88791114
0.0,3.6205027e-05
0.0,2.4057232e-05
0.0,3.407413e-06
0.0,5.4699703e-06
0.0,0.023707705
0.0,0.00046280006
0.0,0.7254849
0.0,0.005208281
0.0,2.8255276e-05
0.0,0.21394031
1.0,0.9704598
0.0,0.19112338
0.0,0.0012011875
0.0,0.04183283
0.0,0.047742072
0.0,8.013828e-06
0.0,1.8062756e-05
0.0,0.76150537
0.0,0.0051717525
0.0,0.005318442
0.0,8.022751e-05
0.0,0.00092165795
0.0,0.21412624
1.0,0.0064959126
1.0,0.5812109
0.0,0.0003895582
0.0,0.0010729689
0.0,0.0635566
0.0,0.23402183
0.0,0.44008744
0.0,0.0029810427
0.0,0.00014646718
0.0,0.2061126
0.0,0.010423345
0.0,0.14635742
0.0,0.007922447
0.0,0.021422716
0.0,4.2483192e-05
0.0,0.006626046
1.0,0.5024701
0.0,0.8151018
0.0,3.2793287e-06
0.0,0.2799716
0.0,0.042620488
0.0,0.3574976
1.0,0.9211778
0.0,0.002810113
0.0,0.11011834
0.0,0.71849245
0.0,0.00026876864
0.0,5.29015e-05
0.0,0.00052285386
1.0,0.9941095
0.0,0.15668851
0.0,0.63889545
0.0,3.421833e-05
0.0,0.014572796
1.0,0.52188903
0.0,0.3221634
0.0,0.6253338
0.0,0.1698715
0.0,0.00066977384
0.0,8.4991683e-07
0.0,0.0034870745
0.0,0.0012338709
0.0,8.424551e-05
0.0,0.6379532
0.0,0.12391015
0.0,0.12612766
0.0,0.32988766
0.0,0.4967517
0.0,0.010692396
0.0,0.002031683
1.0,0.97975487
0.0,0.034975786
0.0,0.0049915067
0.0,0.007726057
0.0,0.23889852
0.0,0.24463065
0.0,0.070886046
0.0,9.179315e-07
0.0,0.3368063
0.0,0.0037041826
0.0,0.39772823
0.0,0.0013810601
0.0,0.14556716
0.0,7.1525275e-05
0.0,0.15161622
0.0,0.6313827
1.0,0.97639436
0.0,0.022355702
0.0,0.33654118
0.0,0.018455436
0.0,0.9638286
0.0,0.035861023
0.0,2.216123e-05
0.0,0.010200014
0.0,0.99212486
0.0,0.9498938
0.0,7.380562e-05
1.0,0.9798828
0.0,0.6851367
0.0,0.00015412731
0.0,0.15993355
0.0,0.007974131
0.0,0.00024378544
0.0,0.02512916
0.0,0.052567467
0.0,0.0017448505
0.0,0.008493567
0.0,0.48827276
1.0,0.6203653
0.0,0.09391629
0.0,0.0005223819
0.0,0.37097
0.0,0.009895135
0.0,0.21615092
0.0,0.00050456077
0.0,0.0022058277
0.0,0.03599976
0.0,0.0057930523
1.0,0.5582674
0.0,0.4204795
0.0,0.0010668392
0.0,1.7202854e-05
0.0,0.2622186
0.0,0.13297144
0.0,0.061585926
0.0,0.25820374
0.0,4.0196068e-05
0.0,0.00015438252
0.0,0.00019156716
0.0,0.03344564
0.0,0.9652885
0.0,0.00050394266
0.0,0.00035030686
1.0,0.9671166
0.0,0.00011428651
0.0,0.577524
0.0,0.06981761
0.0,0.0002884623
0.0,0.0047219335
0.0,0.0001670894
0.0,0.7377166
0.0,0.00019032147
0.0,0.0010619815
1.0,0.9983854
0.0,0.00061265245
0.0,0.069636755
1.0,0.98764104
0.0,0.24083625
0.0,0.03507057
0.0,0.1122532
1.0,0.9576699
0.0,0.37797728
0.0,0.33387733
0.0,0.5371754
0.0,6.475953e-05
1.0,0.9782778
0.0,0.0039637215
0.0,0.00015604915
0.0,0.002714913
0.0,0.01159516
0.0,0.011306907
0.0,0.023560327
0.0,0.124638885
0.0,0.87669206
0.0,0.0028674067
0.0,0.56881005
0.0,0.9126765
0.0,0.047980227
0.0,5.4733304e-05
0.0,0.009899107
0.0,0.072676435
0.0,0.051879745
0.0,0.00026018693
0.0,0.25214908
0.0,4.7365225e-05
0.0,1.833455e-05
0.0,0.040199675
0.0,0.0008267916
0.0,0.0014540523
0.0,0.48829255
0.0,0.010290442
0.0,0.0068874136
0.0,0.23863402
1.0,0.99749136
0.0,0.89912933
1.0,0.90777236
1.0,0.9746611
0.0,0.86677474
0.0,0.0012426398
0.0,0.0018401281
0.0,0.584825
0.0,0.0015080515
0.0,0.000325277
0.0,0.00037025774
0.0,0.72702754
0.0,0.0007552577
0.0,0.19510753
0.0,0.00069447124
0.0,0.49616864
0.0,0.4810125
0.0,0.60168415
0.0,7.307065e-05
0.0,0.25684938
0.0,0.2068078
0.0,0.8106125
0.0,0.03448755
0.0,0.79485387
0.0,0.10190139
0.0,0.25416744
0.0,0.0011732605
0.0,0.5783932
0.0,0.6200515
1.0,0.73987615
0.0,0.27449486
0.0,0.7809775
0.0,0.11451545
0.0,0.18695585
0.0,0.00016463727
0.0,0.015197739
0.0,0.000796273
0.0,0.0293844
0.0,0.08892354
0.0,3.94992e-05
0.0,0.835458
0.0,0.043865204
0.0,0.8392561
0.0,0.36380935
1.0,0.9905157
0.0,0.04530622
0.0,0.00032975446
0.0,0.15652671
0.0,0.26495585
0.0,0.006172893
1.0,0.81264985
0.0,0.5122036
0.0,0.03290999
1.0,0.99951327
0.0,0.0010064298
0.0,0.030780684
0.0,0.015760103
1.0,0.96043354
0.0,0.057662662
0.0,0.0010632889
1.0,0.8824902
1.0,0.99631315
0.0,0.08724298
1.0,0.495455
0.0,0.8729257
0.0,0.10800394
0.0,0.00044613352
0.0,0.00022336822
1.0,0.94892126
0.0,0.06982612
0.0,1.0360003e-05
0.0,0.025983458
0.0,0.95990306
1.0,0.62472916
0.0,4.599631e-06
0.0,0.00023814676
0.0,0.44910666
0.0,0.00057656696
0.0,6.8803274e-05
0.0,0.0090696085
0.0,3.4411662e-06
1.0,0.9940479
0.0,0.18513785
0.0,0.2618598
0.0,0.00048350147
0.0,0.0037331032
0.0,0.52979183
0.0,0.8625331
0.0,0.00020350439
0.0,0.0005289211
0.0,0.13473532
0.0,0.022213288
0.0,0.82563525
0.0,0.059363745
0.0,0.303102
0.0,0.011102181
0.0,0.9574442
0.0,0.36797738
0.0,0.0008057503
0.0,0.00011070603
0.0,0.9444963
0.0,0.00028049134
0.0,0.06661153
1.0,0.9486739
0.0,0.37095782
1.0,0.9925822
0.0,8.3932064e-05
0.0,0.9834579
0.0,0.0039619766
0.0,0.07958757
0.0,0.24359407
0.0,0.075430796
0.0,0.003469632
0.0,0.13699432
0.0,0.28748336
0.0,3.016655e-05
0.0,0.00046965404
0.0,0.008770943
0.0,0.0010310718
0.0,0.00016813846
0.0,0.06664439
0.0,4.6534402e-05
0.0,0.0007521524
0.0,0.09958599
0.0,0.001317609
0.0,2.1727152e-05
0.0,0.00014406342
0.0,0.84843683
0.0,0.0013462078
0.0,0.00011848998
0.0,0.00036853063
0.0,0.8171015
0.0,0.56428725
0.0,0.00023128142
0.0,3.2727196e-05
0.0,0.13995795
0.0,2.6115474e-06
1.0,0.9733016
0.0,0.012728878
0.0,0.041127853
0.0,0.106708005
0.0,0.23879917
0.0,4.5822206e-05
1.0,0.98935586
0.0,0.13869663
0.0,0.41181317
1.0,0.7776633
0.0,0.25178462
0.0,6.2643136e-05
0.0,0.00092359807
0.0,0.99101454
0.0,0.35800776
0.0,0.7252313
0.0,0.3835934
0.0,0.008404751
1.0,0.018252188
1.0,0.940637
0.0,0.5035157
0.0,0.04205383
0.0,0.009519989
0.0,1.8356752e-05
0.0,0.001577697
0.0,0.08306765
0.0,0.0003745663
0.0,0.14333454
0.0,0.16833058
0.0,0.04701802
0.0,3.7897983e-09
0.0,0.0016029662
0.0,0.0004187725
0.0,0.88281494
0.0,0.7669411
0.0,0.0002834844
0.0,0.00029513377
0.0,0.051239792
0.0,3.9663924e-08
0.0,0.91667354
0.0,0.13213785
0.0,0.0003136012
1.0,0.8220197
0.0,0.00056143163
0.0,2.3518569e-05
0.0,0.00078577676
0.0,4.8184042e-06
0.0,0.7446132
0.0,0.00038398305
0.0,0.58592784
0.0,0.012242082
0.0,0.068252094
0.0,0.33881542
0.0,9.9964534e-05
0.0,0.43819532
0.0,0.5859948
0.0,0.16502586
0.0,0.00029596503
0.0,0.20734584
0.0,0.00042004633
0.0,3.820451e-05
0.0,0.059196264
0.0,0.000672315
0.0,8.01857e-08
0.0,0.0001425816
0.0,0.00014023988
0.0,0.837166
1.0,0.995494
1.0,0.82018167
0.0,0.8729668
0.0,0.38737905
0.0,0.008834707
0.0,0.03674107
0.0,0.005269768
0.0,0.00060124457
0.0,0.007225625
0.0,0.15758209
0.0,1.1436603e-05
0.0,0.00013134177
0.0,0.98613644
0.0,0.00079988915
0.0,0.00036909262
0.0,0.09269533
1.0,0.9968522
0.0,0.07526853
1.0,0.5174007
0.0,9.914111e-06
0.0,0.0009677804
0.0,0.034073036
0.0,0.03874314
0.0,0.49513927
0.0,0.01957031
0.0,0.00042093178
0.0,0.39798602
0.0,0.0002036515
0.0,0.010725267
0.0,0.1526831
0.0,0.003105608
0.0,0.22256985
0.0,0.1575351
0.0,0.9082186
0.0,0.0062800804
0.0,0.0006469539
0.0,1.6435627e-07
1.0,0.998487
0.0,0.0011661652
0.0,0.00018957818
0.0,0.45382792
0.0,0.021935588
0.0,0.9845271
0.0,0.0056283325
0.0,0.017867045
0.0,0.0007673802
0.0,0.0005453146
0.0,2.9092594e-06
0.0,2.834669e-06
0.0,0.0001983413
0.0,0.12881163
0.0,0.17097892
0.0,0.28133357
0.0,0.19141814
0.0,0.44153672
0.0,5.3730186e-05
0.0,0.38232604
0.0,0.12277819
0.0,0.0028989164
1.0,0.9468693
0.0,0.55401224
0.0,7.670619e-05
0.0,0.62830234
0.0,0.00046459705
0.0,0.0003572561
0.0,8.7374014e-05
0.0,0.017139027
0.0,0.01569676
0.0,0.00013415086
0.0,2.7960208e-05
0.0,0.8459956
0.0,0.028024629
0.0,0.00026888144
0.0,1.0829729e-05
0.0,0.04180382
0.0,0.0319525
0.0,0.92763317
0.0,0.10361216
1.0,0.16709042
0.0,0.007258052
0.0,0.8863512
0.0,0.26989117
0.0,0.8961624
0.0,0.03097392
0.0,0.1861043
0.0,1.4579403e-05
1.0,0.98692733
1.0,0.005576087
0.0,0.00057689985
0.0,0.0009068646
0.0,0.48118457
0.0,0.023202922
0.0,0.0018807246
0.0,0.98719704
0.0,0.00021837653
0.0,0.92308027
0.0,0.6913824
0.0,0.06358817
0.0,0.47877946
0.0,0.3463291
0.0,0.0050974237
0.0,0.71979916
0.0,0.026166648
0.0,0.06709151
1.0,0.4423299
0.0,0.984395
0.0,0.001553809
0.0,0.006989487
0.0,0.79616684
0.0,0.0013436108
0.0,0.029838165
0.0,0.078475125
0.0,3.7027396e-05
0.0,0.42455503
0.0,3.946422e-05
1.0,0.95514363
0.0,0.8403766
0.0,0.049320057
0.0,0.9717979
0.0,0.014820505
0.0,0.0017991969
0.0,0.026570862
0.0,9.055543e-06
0.0,0.60213244
0.0,0.8649003
0.0,0.002497482
0.0,0.4477132
0.0,0.9422875
1.0,0.94176173
0.0,0.0071645686
0.0,0.9983878
0.0,0.42736903
0.0,0.00024383097
0.0,0.00017991338
0.0,1.0456293e-05
0.0,0.6436166
0.0,0.0048615728
0.0,4.6736932e-05
0.0,0.0014103276
0.0,0.28833824
0.0,0.00048351064
0.0,9.372561e-05
0.0,0.0022375027
0.0,0.26197335
0.0,0.057031523
1.0,0.97412884
0.0,0.09091896
0.0,0.7979514
0.0,0.93161243
0.0,0.41142684
1.0,0.53417224
0.0,0.00034672528
0.0,0.40409407
0.0,0.0003117646
0.0,0.22844195
1.0,0.9968562
0.0,2.5512223e-05
0.0,1.9026125e-05
0.0,0.012979277
0.0,0.07077893
0.0,0.12871167
0.0,0.73339105
0.0,0.021122258
0.0,0.00022105673
0.0,2.7555498e-05
0.0,0.0070149736
0.0,0.94463676
0.0,0.0031991408
0.0,0.06344235
0.0,0.00028182252
0.0,0.004136421
0.0,0.55171907
1.0,0.5530502
0.0,0.14846425
0.0,0.00096915755
1.0,0.9942063
0.0,0.07101458
1.0,0.9997578
0.0,0.0022218367
0.0,0.31165704
1.0,0.9847074
0.0,3.4760553e-05
0.0,0.6680989
0.0,0.89356446
0.0,0.0025855973
0.0,0.5490672
0.0,0.3658186
0.0,0.0002453372
0.0,3.2731948e-06
0.0,0.011528954
0.0,0.103940174
0.0,9.037229e-05
0.0,0.58592784
0.0,0.0034433359
1.0,0.99529415
0.0,0.098822735
0.0,0.041046362
0.0,0.856028
0.0,0.00047486607
0.0,0.00079371285
0.0,0.027648777
0.0,0.13882497
0.0,0.06550743
0.0,0.033192616
0.0,4.9668404e-07
0.0,0.00082658447
0.0,0.043529153
0.0,0.13667339
0.0,1.823684e-06
0.0,0.06484151
0.0,0.020488014
0.0,5.975398e-05
0.0,9.7717646e-05
0.0,0.03012406
0.0,4.933464e-06
0.0,0.0016334702
1.0,0.6618666
0.0,0.007579673
0.0,0.6602934
0.0,0.31315947
0.0,0.02256461
0.0,0.16742513
0.0,0.0014237969
0.0,0.22601013
0.0,0.24604125
0.0,0.0012969231
0.0,0.23536009
0.0,0.00013602493
0.0,0.0014830938
0.0,0.07325819
0.0,9.710458e-06
0.0,0.1622903
0.0,0.0002933004
0.0,0.0040035076
0.0,0.0019576028
0.0,0.007861511
1.0,0.8484573
0.0,0.64776236
0.0,0.96467453
1.0,0.98476404
0.0,0.0028705073
0.0,1.30515255e-05
0.0,0.022397483
0.0,0.0043060025
0.0,0.34040517
0.0,0.81950533
0.0,5.991495e-06
0.0,0.20143263
0.0,0.015464752
0.0,0.12087142
0.0,0.00018801799
0.0,0.015356815
0.0,0.02151005
0.0,0.0005222833
0.0,0.078164294
0.0,0.002933137
0.0,0.00019321319
0.0,0.0010660253
0.0,9.267238e-05
0.0,0.005118008
1.0,0.017092021
1.0,0.9966197
1.0,0.90603995
0.0,0.31535658
0.0,0.2213968
0.0,0.08130887
0.0,0.8183557
0.0,0.07285283
1.0,0.55552053
0.0,0.49932808
0.0,0.18425946
0.0,0.0006801031
1.0,0.7689125
0.0,0.0006678346
0.0,0.0007301021
0.0,0.014283116
0.0,0.17163835
0.0,0.6840791
0.0,0.020563321
0.0,0.26955813
1.0,0.99853265
0.0,0.06327325
0.0,0.6102558
0.0,0.20171002
1.0,0.39922813
0.0,0.0036347588
0.0,0.4269503
0.0,0.00750663
0.0,0.0022917457
0.0,0.2880493
0.0,0.29562312
0.0,0.8002271
0.0,0.0022707323
0.0,0.010015595
0.0,0.59836334
0.0,1.1342388e-05
0.0,0.004237469
0.0,0.44139916
0.0,0.2052563
0.0,0.58592784
0.0,0.007728678
0.0,0.035291232
0.0,0.58592784
0.0,1.548098e-05
0.0,0.15334183
0.0,0.44361416
0.0,0.000114883405
0.0,0.57416874
1.0,0.9889403
0.0,0.0011457518
0.0,0.9344011
1.0,0.9703444
0.0,0.90201163
0.0,0.2974176
0.0,0.29979432
1.0,0.8480881
0.0,0.13661036
0.0,0.42949423
0.0,0.00095053716
0.0,0.00021141999
0.0,5.8256534e-05
0.0,0.22173502
0.0,0.02581939
0.0,0.0014439924
0.0,0.6117699
0.0,0.03511614
0.0,0.13246161
0.0,0.33431587
0.0,0.60084546
0.0,0.0013341188
1.0,0.9962923
0.0,0.13580178
0.0,4.401747e-06
0.0,0.57902175
0.0,0.016628103
0.0,0.0049469224
0.0,0.9827854
1.0,0.61681604
1.0,0.91612786
0.0,0.96456426
0.0,3.284867e-05
1.0,0.6620583
0.0,4.890566e-05
0.0,0.21586262
0.0,0.0018432601
0.0,0.0040459996
0.0,0.1068583
0.0,0.2416826
0.0,0.6698992
0.0,6.594547e-05
0.0,0.33971283
0.0,0.06081777
0.0,0.0015163334
0.0,0.00028299753
0.0,2.3889013e-05
0.0,0.042028602
0.0,0.16867581
0.0,2.0997812e-05
1.0,0.94747645
0.0,0.44641873
0.0,0.22653018
0.0,8.752478e-05
0.0,0.06866252
0.0,0.0017796076
0.0,0.17314811
0.0,2.4181578e-05
0.0,0.9898475
0.0,0.22717533
0.0,0.12334554
1.0,0.91811687
0.0,0.015719334
0.0,0.8308834
0.0,0.0010582232
1.0,0.9981383
0.0,0.94564396
0.0,6.158779e-05
0.0,0.00015617137
0.0,0.005385091
0.0,0.51634383
0.0,2.745904e-05
0.0,0.4092762
0.0,6.421511e-05
0.0,0.052841973
0.0,0.7563076
0.0,0.42335328
0.0,6.159595e-05
1.0,0.7678477
0.0,0.037193637
0.0,0.018189931
0.0,0.44694763
0.0,0.0032018654
0.0,0.5470337
1.0,0.26116395
0.0,0.04646613
0.0,0.09449674
1.0,0.9883255
0.0,0.9251798
0.0,0.24887663
0.0,0.116091855
0.0,0.46160045
0.0,0.010905038
0.0,0.4132991
0.0,2.6268382e-05
1.0,0.87632537
0.0,0.017534347
0.0,0.0907168
0.0,0.009540014
0.0,0.88989097
0.0,0.00014573689
0.0,0.58677244
0.0,0.0005331613
0.0,0.009688161
1.0,0.9167465
0.0,0.0011681742
0.0,0.030753106
0.0,0.011412254
0.0,0.00021986217
0.0,0.011630614
0.0,1.4342878e-05
0.0,0.10072249
0.0,0.0026296908
0.0,0.20821239
0.0,0.46960834
0.0,0.114794515
0.0,0.4686549
0.0,0.19570306
0.0,0.24188091
0.0,0.6414043
0.0,0.3715412
0.0,0.9822996
0.0,0.020813458
0.0,0.00023100837
0.0,0.5142886
0.0,0.16658221
0.0,0.036729716
0.0,0.102509946
0.0,2.9296309e-05
1.0,0.9872384
0.0,0.00043789615
0.0,0.6377584
0.0,0.0006251057
0.0,0.0028194133
0.0,0.17202495
0.0,0.0015188697
1.0,0.9644422
0.0,0.03849059
0.0,0.00030484164
1.0,0.9585171
1.0,0.9955996
0.0,0.98139256
0.0,0.071994744
0.0,0.65104955
0.0,6.397206e-08
0.0,0.33467656
0.0,0.00019387514
0.0,2.8242434e-07
0.0,0.001612454
0.0,0.028124552
1.0,0.92861426
0.0,0.0023250298
1.0,0.97837603
0.0,0.00022047135
0.0,4.868674e-06
0.0,0.00020329337
0.0,0.001043895
0.0,5.2294827e-06
0.0,0.07496358
0.0,0.5734307
0.0,0.07372479
0.0,0.09613127
0.0,0.082506984
0.0,0.5873339
0.0,0.26604423
0.0,0.00012553236
0.0,0.00026457565
1.0,0.8079254
0.0,0.64260644
0.0,0.049751252
0.0,0.015549962
0.0,0.22627148
0.0,0.025511038
0.0,0.00068286597
0.0,0.15655561
0.0,0.110838115
0.0,0.0008925615
0.0,0.036103327
0.0,0.7134518
1.0,0.99311334
0.0,0.00023066567
0.0,0.21895118
0.0,0.6326562
0.0,0.15672636
0.0,0.20438443
0.0,2.7774287e-05
0.0,7.504441e-05
0.0,0.18368259
0.0,5.1263996e-06
1.0,0.996402
0.0,0.8906736
0.0,0.1331225
0.0,0.87918997
0.0,0.7964147
0.0,0.018084701
0.0,0.7368091
0.0,3.8308767e-06
0.0,0.3176559
0.0,0.0054723276
0.0,0.009227017
0.0,0.009673601
0.0,0.78914666
0.0,0.0001433655
0.0,0.9812485
0.0,0.017163223
0.0,0.021408757
0.0,0.07217679
1.0,0.9967494
0.0,0.9205227
0.0,0.6962816
1.0,0.6304578
0.0,0.92406374
0.0,4.0883973e-05
0.0,0.4858103
1.0,0.7249015
0.0,9.600944e-05
0.0,0.018364152
0.0,0.00018604791
0.0,5.5692653e-05
0.0,0.049130034
0.0,0.00078287686
0.0,0.53484195
0.0,0.71976185
0.0,0.011185734
0.0,0.23937938
0.0,0.00096727343
0.0,0.0005878295
0.0,0.08547703
0.0,0.9494233
0.0,0.041682493
0.0,0.05560323
0.0,0.029670997
0.0,0.40137884
0.0,0.0005840498
1.0,0.99209565
0.0,0.10332483
0.0,0.008627702
0.0,6.7167464e-05
0.0,0.9554923
0.0,0.12199482
1.0,0.8957628
0.0,0.9774548
0.0,0.7126343
0.0,0.034663852
0.0,0.07533733
0.0,1.1336699e-05
0.0,0.00074796705
0.0,0.14935806
0.0,0.0025797384
0.0,0.049996596
0.0,0.305972
0.0,2.8651595e-05
0.0,0.97487044
0.0,0.04528648
0.0,0.0022121347
0.0,0.013261183
0.0,0.00017587314
0.0,0.0015571143
1.0,0.9494648
0.0,0.47617835
0.0,0.056640413
0.0,0.223488
0.0,0.0060151624
0.0,0.23075911
1.0,0.98585284
0.0,2.4424282e-05
0.0,1.3347402e-05
0.0,3.9459483e-05
0.0,0.24198496
1.0,0.9999207
0.0,0.85631603
0.0,0.6587319
0.0,0.004944946
0.0,2.1079313e-06
1.0,0.6774951
0.0,0.62429935
0.0,0.33099678
0.0,0.13604435
0.0,0.99973553
0.0,5.8478836e-05
0.0,4.962378e-05
0.0,0.002059112
1.0,0.9485838
0.0,0.00019663922
0.0,0.52857226
0.0,4.2609947e-05
0.0,0.6510744
0.0,0.6689076
0.0,0.4791081
0.0,4.931413e-05
0.0,0.0005804371
0.0,6.720629e-05
0.0,0.002340639
0.0,1.4792336e-05
0.0,0.0001462662
0.0,0.012719702
0.0,0.6416964
0.0,0.0028698659
0.0,0.0046822666
0.0,0.32722655
0.0,2.5988068e-06
0.0,0.1494042
0.0,0.8739197
0.0,0.21256045
0.0,0.6933333
0.0,0.000121584664
0.0,0.3133738
0.0,0.027432362
0.0,0.048383556
1.0,0.972551
0.0,6.1656836e-05
0.0,0.06765913
1.0,0.97804147
0.0,0.36818376
0.0,0.00015083137
0.0,0.24798141
0.0,9.478257e-06
0.0,0.0037993183
0.0,0.81163317
0.0,0.04291176
0.0,0.3575074
0.0,0.0044769044
1.0,0.95225364
1.0,0.9945966
1.0,0.9291249
1.0,0.99998355
0.0,0.57463294
0.0,1.0918572e-05
0.0,3.3915887e-06
0.0,0.0029583739
0.0,0.04149726
1.0,0.70268756
0.0,0.051873684
0.0,0.16016476
0.0,0.015563245
1.0,0.5715746
0.0,0.8021883
0.0,0.5910754
0.0,0.64811206
0.0,0.40734765
0.0,0.90268826
0.0,4.60985e-05
0.0,0.04546252
0.0,2.3996263e-05
0.0,0.00017759639
0.0,8.920469e-05
0.0,0.0012049605
0.0,0.05554406
0.0,0.008618191
0.0,0.019593544
0.0,0.2910359
0.0,0.02233457
0.0,0.0014570006
0.0,0.0011415629
0.0,2.5120895e-05
0.0,0.0009226428
0.0,0.00012532245
0.0,0.13097323
0.0,6.797102e-05
1.0,0.9977794
0.0,0.004072361
0.0,2.9956498e-05
0.0,0.11405094
1.0,0.9876106
0.0,0.5691579
0.0,0.00013424171
0.0,4.626925e-05
0.0,0.017887466
0.0,0.023141125
0.0,0.7779996
0.0,2.6780483e-06
0.0,0.0005940996
0.0,0.97886366
0.0,0.020971641
0.0,0.8470849
0.0,0.00082028564
0.0,0.64276505
0.0,0.006645267
0.0,0.007698841
0.0,0.0010222091
0.0,0.002668204
0.0,0.33676693
0.0,0.71190035
0.0,0.09220889
0.0,0.65130854
0.0,0.41093844
0.0,0.0011828741
0.0,0.0020008904
0.0,0.92376304
0.0,0.80633146
0.0,0.09222329
0.0,0.009976456
0.0,0.046823386
0.0,0.00020513458
0.0,0.8404447
0.0,0.9017768
0.0,0.0013520154
0.0,0.5864556
0.0,0.00033771046
0.0,0.6903723
0.0,0.00024574267
0.0,0.00056887296
0.0,0.26848972
0.0,0.040642302
0.0,0.0002338663
0.0,0.022081316
0.0,0.95892566
0.0,0.08139437
0.0,0.3181307
1.0,0.99458534
1.0,0.7555212
0.0,0.0122442795
0.0,5.987582e-05
0.0,0.15141784
0.0,2.586664e-05
0.0,0.35640675
0.0,0.018107282
0.0,0.31981918
0.0,0.4332606
0.0,0.021985523
1.0,0.9991731
0.0,0.11546745
0.0,0.008005175
0.0,0.71308684
1.0,0.76820034
0.0,7.41919e-05
0.0,3.2780517e-05
0.0,0.66236156
0.0,0.043747958
0.0,0.016485548
0.0,0.015701644
0.0,0.003154029
0.0,0.064161696
0.0,0.10512583
0.0,0.025105054
1.0,0.16791996
1.0,0.99108523
1.0,0.8215238
0.0,0.6074339
0.0,0.23813602
0.0,0.114081055
0.0,0.0006553371
0.0,2.9921332e-09
0.0,2.6241245e-05
0.0,6.0378847e-05
1.0,0.9938089
0.0,0.65231407
0.0,0.00023377579
0.0,0.20309736
0.0,0.8567198
0.0,0.0060077743
0.0,0.0006601297
0.0,0.0005530145
0.0,0.001684718
0.0,0.26626587
0.0,0.033792615
0.0,0.58592784
0.0,0.052066956
0.0,0.927135
0.0,0.0024076344
1.0,0.9755612
0.0,0.0063861604
0.0,0.88529915
0.0,0.09321672
0.0,0.012986604
0.0,3.4769142e-05
0.0,0.0045086755
0.0,0.04671035
1.0,0.8185886
0.0,0.5438612
0.0,8.250857e-05
0.0,0.82264316
0.0,0.3522226
0.0,0.08826642
0.0,0.70000744
0.0,0.7397825
0.0,0.81420183
0.0,0.00023686685
1.0,0.38826883
0.0,0.121443026
0.0,0.04250354
0.0,6.9715956e-05
0.0,0.002385004
0.0,0.08492507
0.0,0.12820877
0.0,0.009184568
0.0,0.00014059564
0.0,0.09616248
0.0,0.0008997254
0.0,0.006772419
0.0,0.048947435
0.0,0.7038463
0.0,0.00059723406
0.0,0.0001722988
0.0,0.011843959
0.0,0.00030136705
0.0,0.88094
0.0,0.010396774
0.0,0.9884189
0.0,0.22255512
0.0,6.160623e-05
0.0,0.18837753
1.0,0.9590602
0.0,0.09201888
0.0,0.00054896984
0.0,0.00087545987
0.0,3.534391e-05
0.0,0.00067362306
0.0,0.4075237
0.0,0.47800428
0.0,0.0015637708
0.0,0.09245296
0.0,0.61615753
0.0,0.0018725645
0.0,0.00029823414
0.0,0.20975384
0.0,0.034714375
0.0,0.2850197
0.0,0.5405129
0.0,8.9997855e-05
0.0,0.02060922
0.0,0.0032320837
0.0,0.68851346
0.0,0.00012725072
0.0,0.00028079798
0.0,0.0027802214
0.0,0.5737595
0.0,0.25096732
0.0,5.1186435e-05
0.0,0.0064502903
0.0,0.60806644
0.0,0.0036845151
0.0,0.09141438
0.0,1.0667786e-06
1.0,0.99024534
0.0,0.00016247993
0.0,2.7581975e-05
0.0,4.670405e-05
0.0,0.037784506
0.0,0.25462487
0.0,0.09533768
0.0,0.04651115
0.0,0.00019613963
0.0,0.0012624965
0.0,0.0039296728
0.0,0.028872272
0.0,0.0048473645
0.0,3.820812e-05
0.0,0.21807443
0.0,0.00030060028
0.0,0.0012609558
0.0,8.141352e-05
0.0,0.0005075976
0.0,0.00016037858
0.0,0.37452054
0.0,5.956383e-06
0.0,0.0012285793
0.0,0.65199125
0.0,2.3730392e-05
0.0,0.00011763562
0.0,0.7564124
0.0,0.00047990115
0.0,0.00030121364
0.0,0.00034614615
0.0,0.007837139
0.0,0.201751
0.0,0.1693407
0.0,4.4071232e-05
0.0,0.36832306
0.0,0.89286894
0.0,0.17971916
0.0,0.33324713
0.0,8.534682e-05
0.0,0.5357308
1.0,0.936765
0.0,0.7939718
0.0,0.011781945
0.0,0.070670106
0.0,3.6574536e-05
0.0,0.92855054
0.0,0.060028024
0.0,5.1012757e-05
1.0,0.86075807
0.0,0.91709006
0.0,0.0006184139
0.0,0.00072309165
0.0,6.4516203e-06
0.0,0.8882612
0.0,0.0019058915
0.0,0.3776067
0.0,0.732152
0.0,0.1355003
0.0,0.077036016
0.0,1.4431155e-05
0.0,0.0004001384
0.0,0.114822
0.0,0.00076682825
0.0,0.11804178
1.0,0.8039341
0.0,0.89908427
0.0,0.0052598617
0.0,0.5165306
0.0,0.009477558
0.0,0.886965
0.0,0.05588549
0.0,0.0067185964
0.0,0.005784539
0.0,0.014204259
0.0,0.1761247
0.0,0.17340016
0.0,3.7375066e-05
0.0,0.00031783798
0.0,0.12232003
0.0,0.23674724
0.0,0.09347463
1.0,0.3476122
0.0,0.00046643242
0.0,0.008666525
0.0,0.13932435
0.0,0.12939629
0.0,0.6793859
1.0,0.8230737
0.0,0.06998508
0.0,0.90458614
0.0,0.088314354
0.0,0.18534717
0.0,0.6625812
0.0,0.16953962
0.0,0.12073161
1.0,0.94516426
0.0,0.03652249
0.0,0.06926743
0.0,0.8214884
0.0,0.0008071001
0.0,0.065309525
0.0,0.017640233
0.0,0.0028130529
0.0,0.81740505
0.0,0.00035763008
0.0,0.22345734
0.0,1.7632161e-05
0.0,0.2010339
0.0,0.014957037
0.0,4.7612262e-05
0.0,0.06219383
0.0,0.007885468
0.0,0.00022545611
0.0,0.5135562
0.0,0.3152168
0.0,0.055903554
0.0,0.003329992
1.0,0.69565547
0.0,0.00056664774
0.0,0.564229
0.0,0.002401621
0.0,1.0910734e-05
0.0,0.20856194
0.0,0.0006080052
0.0,4.0716504e-06
0.0,0.004779704
1.0,0.99661535
0.0,7.399434e-05
0.0,0.094088
0.0,0.05492444
0.0,0.034200646
0.0,0.00033519894
0.0,0.002297137
0.0,0.00024803326
0.0,0.9707619
0.0,0.05114401
0.0,0.09056749
0.0,0.9783918
0.0,0.20600279
0.0,0.053023674
0.0,0.0021563096
0.0,0.11035628
0.0,0.070856206
0.0,0.045834742
0.0,0.009797249
0.0,0.84152555
0.0,0.00010239579
0.0,0.10687245
0.0,0.00011448251
0.0,0.51354545
0.0,0.09934023
0.0,0.050590865
0.0,0.31879178
0.0,0.27156278
0.0,0.00013084988
0.0,0.9421564
0.0,6.131512e-05
0.0,0.001103548
0.0,0.000730321
0.0,0.000106402986
0.0,0.87271535
0.0,0.0319466
0.0,0.12650584
0.0,0.96438426
0.0,0.005908906
0.0,0.02980037
1.0,0.9946936
0.0,0.23288114
0.0,0.025551539
1.0,0.94690996
0.0,0.42014128
0.0,4.997868e-07
0.0,0.099570386
0.0,0.89626455
0.0,0.0013737692
0.0,0.0032588327
0.0,0.13032058
0.0,0.065132715
0.0,0.948778
1.0,0.9971071
0.0,0.9360051
0.0,0.00018287697
1.0,0.9505912
1.0,0.98057735
0.0,0.017387923
0.0,7.380724e-05
1.0,0.98533523
0.0,0.065525375
0.0,6.131324e-05
0.0,0.54276544
0.0,0.06444824
0.0,1.7095601e-05
0.0,0.0060230424
0.0,0.027891813
0.0,2.4119947e-07
1.0,0.9763801
0.0,0.0818466
0.0,0.022168221
0.0,0.5273164
0.0,2.0990408e-06
0.0,0.12002254
0.0,0.58592784
0.0,0.06695862
0.0,0.60038155
0.0,0.1416311
0.0,0.014211994
0.0,0.75594884
0.0,0.0009819873
0.0,0.06538611
0.0,0.008358126
0.0,0.15483159
0.0,0.18117712
0.0,0.036259644
0.0,4.343047e-05
0.0,0.009162871
1.0,0.9948965
0.0,0.29213002
0.0,0.09795051
0.0,3.6886363e-06
0.0,0.021321781
0.0,7.122755e-05
0.0,0.6471572
0.0,0.031979606
1.0,0.9871444
0.0,0.41802758
0.0,0.2208348
0.0,0.020284528
0.0,0.00016873686
1.0,0.71384895
0.0,0.5920417
0.0,0.026739879
0.0,9.843481e-06
1.0,0.9618507
0.0,0.0025414084
0.0,0.19034629
0.0,0.6832959
0.0,0.3503903
0.0,0.638267
0.0,0.1932408
0.0,0.24362339
0.0,0.0012814014
0.0,6.426044e-05
1.0,0.6742508
0.0,0.03884892
0.0,0.00010377077
0.0,0.013207226
0.0,0.9984621
0.0,6.499326e-05
0.0,0.06604224
0.0,5.693729e-06
1.0,0.05403881
0.0,0.69268703
0.0,0.05465356
0.0,0.10549369
0.0,0.0002144945
0.0,0.8283133
0.0,0.03140313
0.0,0.51275116
0.0,0.09508862
1.0,0.94002426
1.0,0.992273
0.0,0.00021873329
0.0,0.051072903
0.0,0.63802224
0.0,0.00024779807
0.0,0.15346082
0.0,0.934402
0.0,0.013416787
0.0,0.07579051
0.0,0.5599345
0.0,0.7997169
0.0,0.5193367
0.0,0.00012909954
0.0,0.18167643
0.0,0.3570168
0.0,0.057945713
0.0,0.9323625
0.0,0.0024045978
0.0,0.026432218
0.0,0.7284487
0.0,0.0001711756
0.0,0.0006810215
0.0,0.1494068
1.0,0.9438276
0.0,0.000103334205
0.0,0.4670585
0.0,0.645484
0.0,5.1719253e-06
0.0,0.020123592
0.0,0.0014228665
1.0,0.8271214
0.0,0.8500211
0.0,0.13536485
0.0,0.03639096
1.0,0.9518873
0.0,0.75839496
0.0,0.7795802
1.0,0.92851156
0.0,0.1787619
0.0,0.46703395
0.0,0.00038722355
1.0,0.64757216
0.0,0.017158559
0.0,0.00909657
0.0,0.010757548
0.0,0.00024958042
0.0,0.00035826204
0.0,0.87683135
0.0,0.99071586
1.0,0.9612041
0.0,0.15105069
0.0,0.0013610356
0.0,0.5669778
0.0,0.028829318
0.0,0.002233732
0.0,0.13814047
0.0,0.00028847274
0.0,0.756795
0.0,4.9475744e-05
0.0,0.009140486
0.0,0.00034158357
1.0,0.9531744
0.0,3.2153055e-06
0.0,0.71445566
0.0,0.078189686
0.0,9.279167e-06
0.0,0.16087237
0.0,0.00903939
0.0,0.066878684
0.0,0.37558612
0.0,0.0002767763
0.0,0.017957134
0.0,0.0024791143
0.0,0.037966777
0.0,0.0010020836
0.0,0.0030297732
0.0,0.04276918
0.0,0.044167157
0.0,0.8404636
0.0,0.22607917
0.0,0.00059346406
0.0,0.925256
0.0,0.62842935
0.0,0.37131825
0.0,0.00048466978
0.0,0.026949923
0.0,0.8885635
0.0,0.8725122
0.0,0.28052208
0.0,0.43317872
0.0,0.066879116
0.0,0.364503
0.0,0.5485028
1.0,0.9717097
1.0,0.93273604
0.0,1.8194043e-05
0.0,0.00027366087
0.0,0.0031268783
0.0,0.0012521729
0.0,0.0006537981
0.0,0.46609142
0.0,0.75360215
0.0,0.8829169
0.0,7.959069e-05
1.0,0.9976513
0.0,0.0009930525
0.0,5.604209e-07
0.0,0.006914213
0.0,0.328917
0.0,1.9992218e-05
1.0,0.97914654
0.0,0.004148073
0.0,0.1315718
0.0,0.017557593
0.0,0.05928648
0.0,0.35532302
0.0,0.00725799
0.0,0.17774297
0.0,0.052166373
0.0,0.65141547
0.0,0.00020415233
0.0,0.99547935
0.0,0.00010182122
0.0,0.0027751839
0.0,0.16135661
0.0,0.0023056131
0.0,0.96435857
0.0,0.8233624
0.0,0.00026554934
0.0,0.102688
0.0,0.0013351784
1.0,0.7514927
0.0,0.0001402027
0.0,0.010419926
0.0,0.025990497
0.0,0.003408265
0.0,0.90326667
0.0,0.0066544446
0.0,2.1016502e-05
0.0,0.014742923
1.0,0.73368514
0.0,0.03444174
0.0,0.8068085
0.0,0.63175696
0.0,0.5162724
0.0,0.91038483
0.0,0.0009564369
0.0,0.8685551
0.0,0.0008811258
0.0,0.0099090235
0.0,0.005809333
0.0,0.84906435
0.0,0.087659836
0.0,0.04789557
0.0,0.019247185
0.0,0.21061623
0.0,0.30030376
0.0,0.5021724
0.0,0.00052430166
1.0,0.98646533
0.0,0.00029362412
0.0,0.1250854
0.0,0.007125162
0.0,0.24840291
0.0,0.000970471
0.0,0.00045555102
1.0,0.99871147
1.0,0.46777785
0.0,0.00019295175
0.0,7.06923e-05
0.0,0.009161256
0.0,0.5951115
1.0,0.845185
0.0,0.4554804
0.0,0.0003791297
1.0,0.47759682
0.0,0.485547
0.0,0.0026245085
0.0,0.26719365
0.0,0.12999383
1.0,0.840062
1.0,0.95654905
0.0,7.270907e-05
0.0,0.0003870794
0.0,0.22361077
0.0,0.00023358797
0.0,0.98196226
1.0,0.995826
0.0,0.00040859001
0.0,0.0112858815
0.0,0.00012458266
0.0,6.986677e-05
0.0,0.018005999
0.0,0.012889259
1.0,0.81610805
0.0,0.0151614845
0.0,0.083588235
0.0,0.010468632
0.0,0.00034841703
0.0,0.08311446
1.0,0.99598336
0.0,0.011770974
0.0,0.9986345
0.0,0.00042481453
0.0,0.2260545
0.0,0.025782505
0.0,0.76377
0.0,0.41855565
1.0,0.9801548
0.0,0.00018564053
1.0,0.59001946
0.0,0.00027686177
1.0,0.9054003
0.0,0.012594267
0.0,0.0009864033
0.0,0.0057162615
0.0,0.34118772
0.0,0.27150118
0.0,4.7619e-06
0.0,0.31439698
0.0,0.0136969285
0.0,0.83205986
0.0,3.826369e-05
1.0,0.5775721
0.0,1.9300871e-05
0.0,0.051417083
0.0,0.30242655
0.0,0.9524475
0.0,2.3113806e-05
1.0,0.328096
0.0,0.8496573
0.0,0.1487582
1.0,0.4111156
0.0,0.007743756
0.0,0.3893469
0.0,0.00019073441
0.0,4.4322558e-05
0.0,1.3807199e-05
0.0,0.20333777
0.0,0.00010549243
0.0,0.3148168
0.0,6.2318566e-07
0.0,0.16658132
0.0,3.0813804e-05
0.0,0.0044501494
0.0,2.2538718e-05
0.0,0.04162609
0.0,0.035279974
0.0,0.023922404
1.0,0.9969939
1.0,0.043123163
0.0,0.003794427
0.0,5.7944377e-05
0.0,0.055324692
0.0,0.66139925
0.0,0.57629615
0.0,0.00062121224
0.0,0.006412179
0.0,7.0601425e-05
0.0,0.0020582764
0.0,2.1414067e-05
0.0,0.06737864
0.0,0.00012921667
0.0,0.23366955
0.0,0.06736345
0.0,0.36759606
0.0,0.5756034
0.0,0.021675661
0.0,0.0028422084
0.0,0.23646161
1.0,0.7770714
0.0,0.011178785
0.0,0.4209904
0.0,0.13725568
0.0,0.029116405
0.0,0.004873063
0.0,0.03383994
0.0,0.0086024795
0.0,6.6758395e-05
0.0,0.0019254459
0.0,2.8197182e-05
0.0,0.22090739
0.0,5.1363633e-05
0.0,0.43149748
1.0,0.7788955
0.0,7.4065436e-05
0.0,0.03340363
0.0,0.7938321
0.0,1.0940196e-06
0.0,0.38753608
0.0,0.2850029
0.0,0.30504176
0.0,0.055009466
1.0,0.9811794
0.0,0.0049291765
0.0,0.37543705
1.0,0.32059667
0.0,0.50959843
0.0,0.9924384
0.0,0.6901556
0.0,0.71044075
1.0,0.82769763
0.0,0.38283107
1.0,0.991941
0.0,0.00010354866
0.0,0.90450615
0.0,0.29653224
0.0,4.8814378e-05
0.0,0.0030905132
0.0,0.0041965907
0.0,0.7022756
0.0,0.60807604
0.0,0.047654904
0.0,0.74974036
0.0,2.0928279e-05
0.0,0.00016830077
0.0,0.004195162
0.0,0.20620899
0.0,6.265831e-05
0.0,0.009366334
0.0,0.53267705
0.0,0.00027341364
0.0,0.08911646
0.0,0.8156907
0.0,0.0018863219
0.0,0.00011075936
0.0,0.025233211
0.0,1.1588004e-06
0.0,0.0005623633
0.0,0.006868551
0.0,0.00011510327
1.0,0.7953984
1.0,0.9751474
0.0,0.017767645
0.0,0.6554731
0.0,0.00019648367
0.0,0.031667616
0.0,0.0007350164
0.0,0.08969955
0.0,0.10435045
0.0,0.01587052
0.0,7.196381e-05
0.0,0.0021169824
0.0,0.6438513
0.0,0.07399302
0.0,0.24000251
1.0,0.99864227
0.0,0.37217307
0.0,0.004374209
1.0,0.97864944
0.0,5.836986e-05
0.0,0.14802997
0.0,0.8910191
0.0,0.0055901743
0.0,0.085675284
0.0,0.0003832699
0.0,0.016210353
0.0,0.15101866
0.0,0.014375417
0.0,0.00026699717
0.0,0.09170529
0.0,2.8821164e-06
0.0,0.08141284
0.0,0.16872764
0.0,0.00018952866
0.0,0.0028948958
0.0,0.033572886
0.0,0.0015711646
1.0,0.9991721
0.0,0.39492804
0.0,0.029170662
0.0,0.79638284
0.0,0.107716426
0.0,0.4071975
0.0,0.7912702
0.0,4.0002837e-05
0.0,0.28665793
0.0,0.010819689
0.0,0.97159386
0.0,0.01054603
0.0,0.09105351
0.0,0.01289248
0.0,0.060294148
0.0,1.5636118e-05
0.0,0.053777568
0.0,0.47755626
0.0,0.01996928
0.0,3.6701404e-05
1.0,0.9362175
0.0,0.0002063048
0.0,3.2840904e-05
0.0,0.15875174
0.0,0.023388138
0.0,0.5698716
0.0,0.0962651
1.0,0.97543067
0.0,0.0044251336
0.0,0.15962175
0.0,0.00051017763
0.0,0.0007740149
0.0,0.116245985
0.0,0.00012877533
0.0,0.24769025
0.0,0.0469864
0.0,0.03366197
0.0,0.00017068422
0.0,0.0015733457
0.0,2.969828e-05
1.0,0.89758927
0.0,0.0013093381
0.0,0.15375821
0.0,5.2129712e-06
0.0,0.06531325
0.0,0.1262674
0.0,0.001278139
0.0,5.373976e-05
0.0,0.0018371379
0.0,0.00017367509
1.0,0.9900795
1.0,0.9813058
0.0,0.017312009
0.0,0.0006665152
0.0,7.908682e-05
1.0,0.8278273
0.0,0.0020301822
0.0,0.018325923
0.0,0.3267007
0.0,0.0021047164
0.0,0.15263335
0.0,0.11823195
0.0,5.2217005e-05
1.0,0.9191713
0.0,0.10678368
0.0,0.12674285
0.0,0.04397417
0.0,0.07473576
0.0,0.021486722
1.0,0.9725195
0.0,0.0013766688
0.0,0.0027340124
0.0,0.00051266066
0.0,0.005269383
0.0,0.0064334436
0.0,0.0012140295
0.0,0.46692684
1.0,0.9294868
0.0,0.008063871
0.0,2.7717635e-05
0.0,0.00053217524
0.0,0.06423271
0.0,0.16127142
0.0,0.9964977
1.0,0.9382501
0.0,0.009739175
0.0,0.042555977
0.0,0.00500387
0.0,0.046846088
0.0,0.019813625
1.0,0.98613435
0.0,0.000106791995
0.0,0.81204206
0.0,0.558342
0.0,5.314951e-06
0.0,0.2696636
0.0,5.5237724e-05
1.0,0.0052270093
0.0,1.140894e-07
0.0,0.011282359
0.0,2.9596638e-05
1.0,0.9973943
0.0,0.00031514294
0.0,0.1531891
0.0,0.4557578
0.0,0.09549146
0.0,0.12521647
0.0,0.047015846
0.0,3.359455e-05
0.0,0.00027430686
0.0,0.04602383
0.0,0.017512511
0.0,0.026511842
0.0,0.07406354
0.0,0.0009462612
0.0,0.7605299
0.0,0.0040318402
0.0,0.031545643
0.0,0.63340294
0.0,0.0001776865
0.0,0.067734145
0.0,0.33058867
1.0,0.2728744
0.0,0.41321865
0.0,0.002081025
0.0,0.0011816855
0.0,0.020570634
1.0,0.9871488
0.0,0.04450933
0.0,0.00041979755
0.0,0.0049927505
0.0,0.22823812
0.0,0.119514905
0.0,0.00027906187
0.0,0.00024853038
0.0,0.0005028268
0.0,0.54658276
0.0,3.7176636e-05
0.0,0.004145944
0.0,0.00015366654
0.0,0.94265676
0.0,0.005195945
0.0,0.00060300436
1.0,0.9485285
0.0,0.09908616
0.0,0.6597984
0.0,0.004429995
0.0,0.00015860234
0.0,0.06728913
0.0,0.72730786
0.0,0.025659958
0.0,0.38122973
0.0,0.6098588
0.0,5.3561365e-05
1.0,0.7315789
0.0,0.013941368
1.0,0.918333
0.0,0.028644336
0.0,0.0024714319
0.0,0.47713256
0.0,0.057312157
0.0,4.87662e-06
0.0,0.017235126
0.0,0.001550458
0.0,4.214175e-05
0.0,0.3723588
0.0,0.21351239
0.0,0.590242
1.0,0.002835137
1.0,0.93432856
0.0,0.59958714
0.0,0.4804577
0.0,0.5423026
0.0,0.00048749967
0.0,0.055460498
0.0,0.00020356552
0.0,0.07222621
1.0,0.9600186
0.0,0.4060941
0.0,0.27329692
0.0,0.92709506
0.0,0.11341018
0.0,0.07772328
0.0,0.29124725
0.0,0.0007968776
0.0,0.23668349
0.0,0.050301522
1.0,0.99080884
0.0,0.06503811
0.0,0.12827963
0.0,0.04943136
0.0,0.00072598574
1.0,0.9371652
0.0,0.05765237
0.0,0.0019226713
0.0,0.0016362034
0.0,0.00042387366
1.0,0.98728454
0.0,0.0028038642
0.0,0.010443628
0.0,0.0064506354
0.0,0.0045681843
0.0,0.0014761777
0.0,0.5909884
0.0,0.0009821922
0.0,0.47417074
0.0,0.016957443
0.0,3.185102e-05
0.0,0.6158285
0.0,0.048945453
0.0,0.8330685
0.0,0.8760642
0.0,0.089151636
0.0,0.9934731
0.0,0.9301094
0.0,0.00012686024
0.0,0.5873444
0.0,5.2677584e-05
0.0,0.00042804863
0.0,0.8018964
0.0,0.72502136
1.0,0.91516167
0.0,0.0018371718
1.0,0.9757184
0.0,0.0037471326
0.0,0.050454557
0.0,7.762704e-05
0.0,0.0020728745
0.0,0.09251467
0.0,0.23762986
1.0,0.7498847
0.0,0.97139186
0.0,0.95638436
0.0,6.5720465e-05
0.0,1.3420398e-05
0.0,0.0004423717
0.0,0.084611386
0.0,5.449337e-05
0.0,0.4942814
0.0,6.407613e-05
0.0,0.89159876
0.0,0.24082212
0.0,2.466528e-05
0.0,0.00020449133
1.0,0.47142696
0.0,0.48566192
0.0,0.024538573
0.0,0.58592784
0.0,0.0014373241
0.0,1.136415e-05
0.0,0.00023812245
0.0,0.40775743
0.0,0.24409524
0.0,0.010746734
0.0,0.00032919695
0.0,1.0249082e-07
0.0,0.063053645
0.0,0.0005966841
0.0,0.00045158947
0.0,0.00079403317
1.0,0.9942952
0.0,9.7297736e-05
0.0,0.00028531306
0.0,0.2895501
0.0,0.29791707
0.0,0.17838708
0.0,0.18781616
1.0,0.96211463
0.0,0.00027883158
0.0,1.2667904e-05
0.0,0.13818415
0.0,0.4058047
0.0,9.66261e-05
0.0,0.00019287909
0.0,0.39423218
1.0,0.8325125
1.0,0.989645
0.0,0.7256606
0.0,0.45895758
0.0,0.07438945
0.0,0.25222957
0.0,0.024126127
0.0,0.040708616
0.0,3.8366066e-05
0.0,0.014313425
0.0,0.31898484
0.0,0.36230078
1.0,0.94023275
0.0,0.111492805
0.0,0.04201744
0.0,0.0010759281
1.0,0.38967368
0.0,0.00011320631
0.0,0.002843464
0.0,0.010275593
1.0,0.95390314
0.0,0.66538453
0.0,0.9310429
0.0,0.0049871127
1.0,0.9987595
0.0,0.0027155252
0.0,0.0012679526
0.0,0.02719447
0.0,0.0075328043
0.0,0.25033942
1.0,0.9415852
0.0,2.8131784e-05
0.0,0.0011646138
0.0,0.6428313
0.0,0.22444706
0.0,0.0035536704
0.0,6.387158e-05
0.0,0.017728385
0.0,0.38277104
0.0,7.3668747e-07
0.0,0.7740354
0.0,5.329672e-05
1.0,0.98423344
0.0,0.5538508
0.0,0.18078545
1.0,0.96654284
0.0,0.24331836
0.0,0.005368312
0.0,0.019526714
0.0,0.00022129947
0.0,0.63119423
0.0,0.07929084
0.0,0.00035662894
0.0,0.23682605
0.0,0.033305824
0.0,0.5054755
0.0,0.025862115
0.0,1.8701992e-05
1.0,0.99371487
0.0,0.0072013624
1.0,0.99488777
0.0,0.0008340207
0.0,0.023290932
0.0,0.5186411
0.0,0.6378761
0.0,0.000978791
0.0,0.0056836535
0.0,0.6610385
0.0,0.00076085987
0.0,0.00020551753
0.0,0.07711471
0.0,0.89062667
0.0,0.2166828
0.0,8.315523e-05
0.0,0.17326668
0.0,0.8165513
0.0,4.4446617e-05
0.0,0.0059944657
0.0,0.0011658592
0.0,0.779793
0.0,0.0014287735
0.0,0.0020632471
0.0,0.013735737
0.0,0.01262678
1.0,0.99991107
0.0,1.6497483e-05
0.0,0.0004876835
0.0,0.0003407209
0.0,0.000100108475
1.0,0.62895364
0.0,0.005942745
1.0,0.98881525
0.0,0.032864623
1.0,0.5505765
0.0,0.08024574
0.0,0.00070477225
0.0,0.0004401873
0.0,0.00037134913
0.0,0.19198984
0.0,0.0013801457
1.0,0.47944185
0.0,0.99464697
0.0,5.7294143e-05
0.0,0.0059893937
0.0,0.02954733
1.0,0.88135195
0.0,0.00010809449
0.0,5.871952e-05
0.0,0.5041896
0.0,0.07626542
1.0,0.9830655
0.0,0.2255329
0.0,0.05957242
0.0,0.00018574287
0.0,0.00083600706
0.0,0.2166042
0.0,6.972713e-05
0.0,0.06657262
0.0,0.0006067025
0.0,0.6167589
0.0,0.2235398
0.0,0.0013687732
0.0,8.600235e-06
0.0,0.9616562
1.0,0.9304335
0.0,0.0016593026
0.0,0.87210625
1.0,0.8212708
1.0,0.58141935
0.0,1.49686275e-05
0.0,0.14973792
0.0,0.5220529
0.0,0.06456025
0.0,0.46449995
0.0,0.67558485
0.0,0.011574794
0.0,0.003419558
1.0,0.96051604
0.0,0.15091214
0.0,0.016636066
0.0,0.0020483872
0.0,0.017775886
0.0,0.5545862
0.0,0.46477702
1.0,0.9180741
0.0,0.07397424
0.0,0.0006710239
0.0,0.0023898727
0.0,0.0025445095
0.0,0.0050005615
0.0,0.5551919
0.0,0.00046701412
0.0,0.50867677
0.0,0.0004703711
0.0,0.6776047
0.0,5.806011e-06
0.0,0.44981226
0.0,0.00020741663
0.0,0.00079256523
0.0,0.00086257485
0.0,0.007955813
0.0,0.00029265907
0.0,0.44728404
1.0,0.99659294
0.0,0.28156003
0.0,0.06041367
0.0,0.1886899
0.0,0.20032227
1.0,0.99931705
0.0,0.6818057
0.0,0.16036709
0.0,0.02174806
0.0,8.589632e-05
0.0,0.09121759
0.0,0.22607884
0.0,0.42453742
0.0,0.94466966
0.0,2.5910686e-05
0.0,0.07258066
1.0,0.9604263
0.0,0.045261312
1.0,0.5049219
0.0,0.002105144
0.0,0.0016232785
0.0,0.020158378
0.0,0.2966904
0.0,0.0063120914
0.0,0.035492886
0.0,0.55203646
0.0,0.0006001033
0.0,0.30661052
0.0,5.9075326e-05
0.0,0.0019757939
1.0,0.7800969
1.0,0.86827016
0.0,0.40583166
0.0,0.77380115
0.0,0.69783646
0.0,8.399323e-05
0.0,0.006113488
0.0,0.00029044703
0.0,0.0030148274
0.0,0.0008197415
0.0,0.00018353834
0.0,0.10810985
0.0,0.0007224235
0.0,0.0008399768
0.0,0.69211364
0.0,0.0439342
0.0,0.057578493
0.0,0.89486855
0.0,0.6976243
0.0,0.42354095
0.0,0.91150445
0.0,0.83063394
0.0,2.050675e-05
0.0,0.0002453573
0.0,0.0011926157
0.0,5.1926756e-05
0.0,0.00041460746
0.0,0.00034300832
0.0,0.54904336
0.0,0.58592784
0.0,9.0072725e-05
0.0,0.08340951
0.0,0.2966886
0.0,0.4732046
0.0,0.106860936
0.0,4.881703e-05
0.0,0.6572689
0.0,0.0130290035
0.0,0.0063492865
0.0,0.00056651275
0.0,0.6592019
0.0,0.0025635078
0.0,0.03271941
0.0,0.4722427
0.0,0.86962736
0.0,0.06822211
0.0,3.021008e-05
0.0,0.0001006851
0.0,0.0014583437
1.0,0.7158898
0.0,0.8738071
0.0,0.28235066
0.0,0.91160834
0.0,0.0025586917
0.0,0.4612509
0.0,0.0053623472
0.0,4.78015e-06
0.0,0.4994501
0.0,0.00019377958
0.0,0.26821384
0.0,0.00069963885
0.0,0.00027022423
1.0,0.70448434
0.0,0.085039176
0.0,2.1475238e-05
0.0,0.34069508
0.0,6.882457e-06
0.0,0.26137394
0.0,0.0016468014
0.0,2.601242e-05
0.0,0.000646564
0.0,0.007875987
0.0,0.92286485
1.0,0.9900795
0.0,0.005522258
0.0,0.1194972
0.0,0.031096028
0.0,0.66897154
0.0,9.0054555e-06
0.0,0.5604023
0.0,0.0013115298
0.0,0.26045606
0.0,0.00061515375
0.0,0.70550424
0.0,0.00049673696
0.0,0.025149902
0.0,0.302313
1.0,0.99733424
0.0,0.022636414
0.0,0.094403096
0.0,0.00361702
0.0,0.0003651988
0.0,0.005174226
0.0,0.26058775
0.0,0.33786118
1.0,0.0005735825
0.0,0.7188906
0.0,0.09264634
0.0,0.28708005
0.0,8.756803e-06
0.0,0.67361933
0.0,0.5340821
0.0,0.0014621196
1.0,0.0029076294
0.0,0.0018288854
1.0,0.06604707
0.0,0.08821351
0.0,0.058516245
0.0,1.9233605e-05
0.0,0.0062828036
0.0,0.16866891
0.0,0.0015192935
0.0,0.67288214
0.0,0.4402129
0.0,0.07106885
1.0,0.79947454
0.0,0.00011564808
0.0,0.29366893
0.0,0.00051061966
0.0,0.19735044
0.0,0.01924327
0.0,0.19895099
0.0,0.7033566
0.0,0.70940185
0.0,0.008963943
0.0,0.0034594575
0.0,0.66788477
0.0,0.028327826
0.0,0.0007802834
0.0,1.0447622e-05
0.0,0.010071799
0.0,0.1289328
0.0,0.016831083
1.0,0.88707304
0.0,0.9273521
0.0,0.022995502
0.0,0.71513414
0.0,0.0027873167
1.0,0.8738037
0.0,5.953807e-05
0.0,5.6982804e-05
0.0,0.13057178
0.0,0.04844997
0.0,0.00037975278
0.0,0.032207914
0.0,0.0011733918
0.0,0.010599098
1.0,0.7807307
0.0,1.4855974e-07
0.0,0.70827705
0.0,0.03841351
0.0,0.68922096
0.0,0.0028299165
0.0,0.0055975243
1.0,0.9798232
0.0,0.34779078
0.0,0.059777226
0.0,0.52720845
0.0,0.16405392
0.0,0.0016203676
0.0,0.4824734
0.0,0.7537395
1.0,0.9930276
0.0,0.00066165865
0.0,0.1430505
0.0,0.01072761
0.0,0.51266897
0.0,0.024510806
0.0,0.0008252457
0.0,0.19725743
0.0,0.42195725
0.0,0.053115696
0.0,0.024141844
0.0,0.0024203912
0.0,0.0038934315
0.0,0.054749276
0.0,1.5701778e-05
0.0,0.011941621
0.0,0.15783744
0.0,0.071865335
0.0,0.0012688144
0.0,0.0710429
0.0,0.5679974
0.0,3.1237134e-05
1.0,0.9620131
0.0,0.57813406
0.0,0.018667601
0.0,0.49767554
0.0,0.00031001438
0.0,0.0024937822
0.0,6.42594e-05
0.0,0.00080858544
0.0,2.2906655e-05
0.0,0.011571657
0.0,0.000537003
0.0,0.004617692
0.0,0.5093169
0.0,0.23458154
0.0,0.00040971057
0.0,8.616736e-06
1.0,0.6192367
0.0,0.0008311313
0.0,0.24513085
0.0,1.542417e-05
0.0,0.04860909
0.0,0.08627623
0.0,0.1307463
0.0,0.0022348715
0.0,0.0017087489
0.0,0.06580211
0.0,0.32059166
0.0,0.8350547
0.0,0.007498932
1.0,0.73509943
0.0,0.0028162636
0.0,0.983115
0.0,0.024218341
1.0,0.9864515
1.0,0.98992
0.0,0.6247438
0.0,0.018512657
0.0,2.8520226e-05
0.0,4.5523895e-05
0.0,0.0052233357
0.0,0.13273183
0.0,0.003502816
0.0,0.055589303
0.0,0.83134305
0.0,0.0074371076
0.0,0.99141955
0.0,1.9701502e-05
0.0,0.06582592
0.0,0.6121207
0.0,0.88890696
0.0,0.07807748
0.0,0.028450489
0.0,0.0006862699
0.0,1.6802018e-05
0.0,0.00039818804
0.0,2.8022673e-06
1.0,0.9624662
0.0,0.023451079
0.0,0.00033365865
0.0,0.0035485865
0.0,2.0150397e-05
0.0,0.35328475
0.0,4.3225366e-05
0.0,0.10435551
1.0,0.9071952
0.0,0.27600116
0.0,0.09575734
0.0,0.6801273
0.0,0.010930382
0.0,0.22370452
0.0,2.3466278e-05
0.0,2.7812528e-06
0.0,0.8587848
0.0,0.17148204
0.0,0.0105754165
0.0,0.07982652
0.0,0.002072698
0.0,0.026675817
0.0,0.0008813424
0.0,0.0001424616
0.0,8.155019e-05
0.0,0.471002
0.0,0.27760375
0.0,0.35719824
0.0,0.7370171
0.0,0.012223876
0.0,0.030138627
0.0,0.04441794
0.0,5.7179852e-05
0.0,0.47501385
0.0,0.008696684
0.0,0.2918825
0.0,0.036649596
0.0,0.3186744
0.0,0.946763
0.0,0.008240879
0.0,7.800422e-05
0.0,0.8419192
0.0,0.00022519122
0.0,0.0002969902
0.0,0.0058278777
0.0,0.004860721
0.0,0.18401502
0.0,0.8301725
0.0,0.0015184886
0.0,0.9747917
0.0,0.5309963
0.0,0.5440514
0.0,0.005386552
1.0,0.99558014
0.0,3.9710136e-05
0.0,0.06023683
0.0,0.017129505
0.0,0.020044027
0.0,0.6850252
0.0,0.5654222
0.0,0.06629222
1.0,0.79914117
1.0,0.96641034
0.0,0.025855731
1.0,0.8225723
0.0,0.8556366
0.0,0.0031484251
0.0,0.08992269
0.0,2.5005835e-05
0.0,0.0026038564
0.0,0.00049494446
0.0,6.2790546e-06
0.0,0.09908652
0.0,0.00095024594
0.0,0.7202822
0.0,3.4235665e-05
0.0,0.3173848
0.0,0.60594195
0.0,0.4819662
0.0,0.034910973
0.0,0.017430574
0.0,0.040202446
0.0,0.0010350888
0.0,0.013618498
0.0,0.003969088
0.0,0.88111925
0.0,0.021817196
0.0,0.022488834
1.0,0.27979997
0.0,0.72624236
0.0,0.0141445985
0.0,0.00028976775
0.0,0.006572616
0.0,0.00047684484
0.0,0.095074125
1.0,0.69543964
0.0,0.15222743
1.0,0.4166554
0.0,0.40485623
1.0,0.95230454
0.0,0.0003705476
0.0,0.9114735
0.0,4.5276636e-05
0.0,0.00042876866
0.0,0.19098397
1.0,0.98047435
0.0,0.00018563736
0.0,9.759388e-05
0.0,0.05686889
0.0,1.2462604e-05
0.0,0.6830545
0.0,4.8074157e-06
0.0,0.00042286445
0.0,0.3218069
0.0,0.29540503
0.0,0.014022153
0.0,0.81359226
0.0,0.004899776
0.0,0.034747135
1.0,0.978007
0.0,0.98482764
0.0,0.025513545
0.0,0.0013554351
1.0,0.77623314
0.0,4.3485383e-05
0.0,0.3678014
0.0,0.10125891
0.0,0.469883
0.0,7.764226e-06
0.0,0.026825745
0.0,0.03514531
0.0,0.9950635
0.0,6.063671e-05
0.0,0.104214
0.0,0.47135538
0.0,0.64693236
0.0,0.6476473
0.0,0.00025027312
0.0,0.008030919
0.0,0.81503224
0.0,0.119355485
0.0,7.7880367e-07
1.0,0.9631906
0.0,0.036699485
0.0,0.33885002
0.0,1.6751334e-05
0.0,4.8582147e-06
0.0,0.47622544
0.0,0.21947192
0.0,0.4246111
0.0,0.16549484
0.0,0.028184975
0.0,0.8833601
0.0,0.7254226
0.0,0.2197185
0.0,0.001247555
1.0,0.9634158
1.0,0.5606295
0.0,0.9953133
0.0,0.05377447
0.0,0.1653127
0.0,1.5398362e-05
0.0,2.143611e-06
0.0,0.7101226
0.0,0.16916668
1.0,0.9947061
0.0,0.32292742
1.0,0.9974388
0.0,0.6260279
0.0,0.36606455
0.0,0.1834107
0.0,1.1145663e-07
0.0,5.521666e-05
0.0,0.14938615
0.0,0.6775999
0.0,6.670457e-05
0.0,0.12034601
0.0,0.11446779
0.0,0.034145176
0.0,0.2772454
0.0,0.84277403
0.0,0.005843065
0.0,1.0082822e-05
1.0,0.7118179
0.0,0.020017846
0.0,3.8042776e-06
0.0,0.0139539065
0.0,0.034741547
1.0,0.9221753
1.0,0.9386374
0.0,0.009078831
0.0,0.05241064
0.0,0.020560272
0.0,0.18851644
0.0,9.354409e-05
0.0,0.036157712
0.0,0.07015208
0.0,0.0033499347
0.0,0.011072755
1.0,0.9839931
0.0,0.0009580864
1.0,0.99786866
0.0,0.82073396
0.0,0.0010890166
0.0,0.6148694
0.0,0.015479452
0.0,0.09335739
0.0,0.2828405
0.0,0.02605561
0.0,0.017637538
0.0,0.0049398155
0.0,6.3645886e-05
0.0,0.19066072
0.0,0.19131985
0.0,0.00087733107
0.0,7.4827745e-05
0.0,0.28547552
1.0,0.0013959636
0.0,0.028427485
0.0,0.8150122
0.0,0.0005416318
0.0,0.013194208
0.0,0.0006334915
0.0,2.6188243e-05
0.0,0.37829766
0.0,9.6290305e-06
0.0,0.00031865446
0.0,0.20478605
1.0,0.64031106
0.0,0.51895213
0.0,5.4196444e-06
0.0,0.46144345
0.0,0.16678958
0.0,6.3414354e-06
1.0,0.97309136
0.0,0.16772789
0.0,0.0780645
0.0,0.9940333
0.0,0.002688053
1.0,0.9881892
0.0,0.0708536
0.0,0.022274723
0.0,6.8782574e-06
0.0,0.00011596323
1.0,0.94509727
0.0,0.0023456628
0.0,6.8853224e-05
0.0,0.4217977
0.0,0.71677107
0.0,0.1355936
0.0,0.00010788711
0.0,0.000104975436
0.0,0.94545764
0.0,0.0093279295
0.0,0.05759236
0.0,0.03343548
0.0,0.015061362
0.0,0.042407934
0.0,0.32684305
0.0,0.00011012904
0.0,0.22303048
0.0,0.00010893565
0.0,0.3591921
1.0,0.98596454
0.0,0.24214494
0.0,0.60004187
0.0,1.7363573e-07
0.0,0.030579433
1.0,0.90032375
0.0,0.0007908345
0.0,0.02727742
0.0,0.95094347
0.0,0.03448279
0.0,0.58593166
0.0,0.007508787
0.0,0.47737798
0.0,0.042415127
0.0,0.075727664
0.0,0.71832985
0.0,0.00015619161
0.0,0.002881222
0.0,0.6316299
0.0,2.2431737e-05
0.0,0.0062764483
1.0,0.9539931
0.0,0.45904157
0.0,0.5386222
0.0,0.0030038645
0.0,0.00020757549
0.0,0.6869881
0.0,0.32262063
0.0,0.91854566
0.0,6.0618207e-05
0.0,0.54496413
1.0,0.6410058
0.0,0.0034440493
0.0,0.987382
0.0,0.4532227
0.0,0.0061965305
0.0,0.31415132
0.0,0.0003485933
0.0,0.0010306824
1.0,0.53199613
0.0,0.2406019
1.0,0.86257464
0.0,0.8480959
1.0,0.9648717
0.0,0.007365128
0.0,0.00018290576
0.0,0.12552632
0.0,0.9955628
0.0,0.0002464635
0.0,0.9563716
0.0,0.023850406
0.0,0.007537661
0.0,2.0285788e-05
0.0,0.8419097
0.0,0.5421414
0.0,0.20696186
0.0,0.0002423206
0.0,0.36029077
0.0,0.0025035574
0.0,0.002056156
0.0,0.0073385313
0.0,0.000356352
1.0,0.97607046
0.0,0.0054565463
0.0,0.0037968738
0.0,1.06317875e-05
0.0,0.0016821167
0.0,0.0002880347
0.0,0.03657425
0.0,0.98574626
0.0,0.0049292417
0.0,0.03359224
0.0,0.027717996
0.0,0.0001101926
0.0,0.048344735
1.0,0.68016815
0.0,0.036910236
0.0,0.1323647
0.0,6.716695e-05
0.0,0.13741013
0.0,0.6955634
1.0,0.9954882
0.0,0.000440971
0.0,0.65819734
0.0,0.015080947
1.0,0.9913127
0.0,0.6955056
0.0,5.3131283e-05
0.0,4.7699745e-05
0.0,2.564666e-05
0.0,0.123294726
0.0,0.011906834
0.0,0.0016229679
0.0,0.0036170736
0.0,0.31383374
0.0,0.06253741
0.0,5.506448e-05
0.0,0.12397216
0.0,0.14151455
0.0,0.87331736
0.0,0.20625372
0.0,0.00026047634
0.0,0.99983907
0.0,0.996727
0.0,0.00023211823
0.0,0.0027693296
0.0,0.001861977
0.0,0.22977084
0.0,0.0027714872
0.0,0.0005444732
0.0,0.6622582
0.0,0.12035941
0.0,0.21542774
0.0,0.021207465
0.0,0.033159066
0.0,0.34701785
0.0,0.0003849873
1.0,0.8414636
0.0,2.0504401e-06
0.0,0.0008659257
0.0,0.047629107
0.0,0.00013272795
0.0,0.1297757
0.0,0.23170409
0.0,0.83568645
0.0,0.0011409346
0.0,0.03204691
0.0,0.0129279
0.0,0.08803214
1.0,0.92976105
0.0,0.02188477
0.0,0.003154089
1.0,0.35069802
1.0,0.020672925
0.0,0.16426688
0.0,0.006093454
0.0,0.7832699
0.0,0.23828901
0.0,0.081794
0.0,0.00671649
1.0,0.8535072
1.0,0.98088396
0.0,0.028494656
0.0,0.8110808
0.0,0.018687682
0.0,0.0006021415
0.0,0.00034313867
1.0,0.005742803
1.0,0.048024654
0.0,0.004031168
0.0,0.19830874
1.0,0.99006665
1.0,0.9824158
0.0,0.008757906
0.0,0.005074162
0.0,0.22271484
0.0,0.07386243
0.0,0.06787912
0.0,8.946144e-05
0.0,0.5852317
0.0,0.5927303
0.0,2.8746363e-06
0.0,1.6215177e-05
0.0,0.25904205
0.0,0.13644233
0.0,0.0061335443
0.0,0.061568342
0.0,0.21438283
0.0,6.5844986e-05
0.0,0.07336633
0.0,0.8434265
0.0,0.11318337
0.0,0.0052198283
0.0,0.00022094589
1.0,0.17754908
1.0,0.94725883
0.0,0.1362942
1.0,0.9272118
0.0,0.5524881
0.0,0.033522207
0.0,0.002201864
0.0,0.0089522125
0.0,0.0035625275
0.0,0.61775064
0.0,2.0809686e-05
0.0,0.0014772747
0.0,0.4095679
0.0,0.20158434
0.0,0.039385337
0.0,0.44704062
0.0,0.7583
0.0,0.00011008966
0.0,0.000100507925
0.0,0.0044636945
0.0,0.040409062
0.0,0.4765203
0.0,0.42685947
0.0,0.06198934
0.0,7.387915e-06
0.0,0.2709212
0.0,0.00083319534
0.0,0.13678949
1.0,0.98878956
0.0,0.0015054531
0.0,0.9997049
0.0,0.050474405
0.0,0.086885706
0.0,0.57166886
0.0,0.4396549
0.0,0.2975696
0.0,0.06677462
1.0,0.9793209
0.0,0.015065522
0.0,0.0010241928
0.0,0.897013
0.0,0.30964237
0.0,0.02862637
0.0,0.0049187564
0.0,0.033899743
0.0,0.95220846
0.0,0.403985
0.0,0.2781316
0.0,0.00018182489
0.0,0.61903477
0.0,0.0123378895
0.0,0.061615128
0.0,0.814661
0.0,0.00011397253
1.0,0.842002
0.0,7.228071e-06
0.0,0.13278581
0.0,0.1468005
0.0,0.0007318296
0.0,1.753542e-05
0.0,0.15694587
0.0,0.11751736
0.0,0.0065515717
0.0,0.16551313
0.0,0.054695696
0.0,0.00021613933
0.0,0.48050225
0.0,0.15960129
0.0,0.08923127
0.0,0.19717161
0.0,0.0220051
0.0,0.39869076
0.0,0.55305153
0.0,0.106620125
0.0,0.1453335
0.0,3.9238083e-05
1.0,0.7562118
0.0,0.8242854
0.0,0.5075617
0.0,0.011951083
0.0,0.79552263
0.0,0.0012352519
0.0,0.28353322
0.0,0.010306301
0.0,3.2699678e-05
0.0,0.23073873
0.0,0.042337168
0.0,0.1858878
0.0,0.00025017338
0.0,0.057338815
0.0,0.21938136
0.0,0.029915603
0.0,0.6185653
0.0,0.91667855
1.0,0.59669197
0.0,0.00029496386
0.0,0.9705879
0.0,0.0005771429
0.0,0.2829104
0.0,0.4974042
0.0,0.000120113924
0.0,0.058435738
0.0,0.0026961148
1.0,0.9902366
0.0,1.0948622e-05
0.0,0.34993052
0.0,0.10541839
0.0,0.00033939283
1.0,0.9701965
0.0,0.12860136
0.0,4.0527004e-05
0.0,0.3642494
0.0,0.0017437363
0.0,0.024449548
0.0,0.0013261713
0.0,0.15104458
0.0,1.0232386e-05
0.0,6.361293e-05
1.0,0.072351284
1.0,0.9891004
0.0,0.12312509
1.0,0.99802315
0.0,0.011571902
0.0,0.70082575
0.0,0.32698724
0.0,2.1192385e-05
0.0,0.0002009645
0.0,0.012823972
0.0,0.23167677
0.0,0.0018578573
0.0,3.0995757e-06
0.0,0.8424633
0.0,2.9127908e-05
1.0,0.99942786
0.0,0.048930615
0.0,0.036745198
0.0,0.14431807
0.0,0.1271107
0.0,0.00012072284
0.0,0.2538639
0.0,0.00079631055
1.0,0.2704441
0.0,0.58592784
0.0,0.07883904
1.0,0.98869205
0.0,0.0026528249
0.0,0.0007048145
0.0,0.66135925
0.0,0.09583868
0.0,0.58592784
0.0,0.08303112
0.0,2.9813448e-06
1.0,0.96235967
0.0,0.0002742284
0.0,0.0009767449
0.0,0.6283488
0.0,0.00832556
0.0,0.00045780223
0.0,1.1423296e-06
0.0,0.031508338
0.0,9.405553e-05
0.0,0.10675387
0.0,0.27351698
0.0,0.0419215
0.0,6.1195715e-05
0.0,0.00023219283
0.0,0.014677296
0.0,0.055225693
0.0,0.00014140474
0.0,0.28060934
0.0,0.0005496523
0.0,0.4943273
0.0,0.19479594
0.0,0.017759483
0.0,0.044370025
0.0,0.07694312
0.0,5.481253e-07
0.0,0.00017843285
0.0,2.990614e-06
0.0,0.004103287
0.0,0.000514143
0.0,0.00053004484
1.0,0.90427136
0.0,0.109571785
0.0,0.47606948
0.0,2.9111467e-05
0.0,0.8404993
0.0,0.00015654454
0.0,0.00010179287
0.0,0.05765422
0.0,0.027611328
0.0,9.92496e-06
0.0,0.26801562
0.0,0.005015153
0.0,0.35229078
0.0,0.045524236
0.0,0.06347389
0.0,0.001384142
0.0,0.006291688
0.0,0.48119175
0.0,0.6536823
0.0,0.56532377
0.0,0.00020786328
0.0,0.050263166
1.0,0.99106807
0.0,0.034999065
0.0,0.0010836652
0.0,0.58592784
1.0,0.89960694
0.0,2.900967e-06
0.0,0.19263907
0.0,0.83957595
0.0,0.02302602
0.0,0.00093813473
0.0,1.6377908e-05
0.0,2.2687145e-05
0.0,0.24962725
1.0,0.92091465
0.0,0.77280086
0.0,0.7452435
0.0,0.15973206
0.0,0.028400375
0.0,0.021442307
0.0,0.4835647
0.0,0.4499599
